111111100000101000000000000000000111111010010000100000001010000111111101011111110000000110101001000000011000001100000000111011100
100000000000000000000000000000000111110010010101000000000000000000000001111010111000000010110010011111111110100101111110101010100
100000000000000000000000000000000000000000000000000000000000000000000101101101000000000000000000000000011011001101111111011011110
100000000000000000000000000000000000000000000000000000000000000000000000000000000000000000000000011111100011011010000000000000000
000001100000101111111110010000111000000001010101011111110111110111111101001101010111101001100101011111101100001000000000111111111
000000111001001101111100111001101111101001110010000000001010010101111011100010011111111001101101011111101100001000000000111111111
000000101110000001111101100001010000001000101011011111100001100111111100010101110000000011010100111111101100001001111110011110001
011110100111111111111101101110100111110100000011000000011010001010000001000000011000011101101110100000000000010111111101111100101
000000101011010100000001000011000111111011100000100000110110100011111001111011111000000110100010000000010100100101111110011110001
000000010011100000000010001110101000011000000010111111110111110110000111101111101000000011010100111111101100001001111110011110001
011111010011000011111111011101101000001010010111111111000001001010000111101111101000000011010100111111101100001001111110011110001
011111011011111101111010001000001111101001010111100000011101000011111111110111110000010000001000000000000000010110000001100001011
011111110001011010000010000101001111111000110111000000000111100100000101010001011111101001100101011111101100001000000000111111111
000000000001101001111011011010000000000100111101011111010011111101111110000000101000010011011101011111101100001001111110011110001
011111010011001011111111001101110000010000010101000000000001111000000011101010111000010110101010000000010100100101111110011110001
