    677487 0 0 0 0
    637780 1 0 0 0
    676094 2 0 0 0
    620160 3 0 0 0
    733422 4 0 0 0
    773130 5 0 0 0
    715803 6 0 0 0
    733422 7 0 0 0
    633033 0 1 0 0
    593326 1 1 0 0
    675010 2 1 0 0
    582840 3 1 0 0
    725204 4 1 0 0
    764912 5 1 0 0
    714719 6 1 0 0
    725204 7 1 0 0
    566641 0 2 0 0
    492864 1 2 0 0
    555524 2 2 0 0
    459626 3 2 0 0
    662540 4 2 0 0
    702248 5 2 0 0
    595233 6 2 0 0
    662540 7 2 0 0
    548913 0 6 0 0
    495720 1 6 0 0
    507134 2 6 0 0
    413306 3 6 0 0
    644812 4 6 0 0
    684520 5 6 0 0
    548913 6 6 0 0
    644812 7 6 0 0
    535429 0 6 1 0
    495722 1 6 1 0
    500092 2 6 1 0
    437120 3 6 1 0
    598402 4 6 1 0
    638110 5 6 1 0
    539801 6 6 1 0
    598402 7 6 1 0
    407377 0 0 2 0
    456780 1 0 2 0
    540416 2 0 2 0
    496488 3 0 2 0
    451306 4 0 2 0
    491014 5 0 2 0
    580125 6 0 2 0
    540416 7 0 2 0
    362923 0 1 2 0
    419460 1 1 2 0
    539332 2 1 2 0
    459168 3 1 2 0
    443088 4 1 2 0
    482796 5 1 2 0
    579041 6 1 2 0
    539332 7 1 2 0
    314413 0 2 2 0
    292064 1 2 2 0
    449734 2 2 2 0
    353836 3 2 2 0
    410312 4 2 2 0
    450020 5 2 2 0
    489443 6 2 2 0
    449734 7 2 2 0
    317827 0 3 2 0
    338850 1 3 2 0
    489386 2 3 2 0
    393488 3 3 2 0
    413726 4 3 2 0
    453434 5 3 2 0
    529095 6 3 2 0
    489386 7 3 2 0
    369797 0 5 2 0
    352300 1 5 2 0
