    596467 0 0 0 0
    618664 1 0 0 0
    578955 2 0 0 0
    483057 3 0 0 0
    404669 4 0 0 0
    500568 5 0 0 0
    596467 6 0 0 0
    636175 7 0 0 0
    633785 0 1 0 0
    663118 1 1 0 0
    623409 2 1 0 0
    527511 3 1 0 0
    441987 4 1 0 0
    537886 5 1 0 0
    633785 6 1 0 0
    673493 7 1 0 0
    626265 0 2 0 0
    665974 1 2 0 0
    626265 2 2 0 0
    530367 3 2 0 0
    434467 4 2 0 0
    510080 5 2 0 0
    605979 6 2 0 0
    645687 7 2 0 0
    606107 0 3 0 0
    645816 1 3 0 0
    606107 2 3 0 0
    510209 3 3 0 0
    414309 4 3 0 0
    453684 5 3 0 0
    549583 6 3 0 0
    589291 7 3 0 0
    578299 0 4 0 0
    618008 1 4 0 0
    578299 2 4 0 0
    482401 3 4 0 0
    386501 4 4 0 0
    405292 5 4 0 0
    501191 6 4 0 0
    540899 7 4 0 0
    501627 0 5 0 0
    541336 1 5 0 0
    501627 2 5 0 0
    405729 3 5 0 0
    309829 4 5 0 0
    335754 5 5 0 0
    431653 6 5 0 0
    471361 7 5 0 0
    487311 0 6 0 0
    527020 1 6 0 0
    487311 2 6 0 0
    391413 3 6 0 0
    295513 4 6 0 0
    352102 5 6 0 0
    448001 6 6 0 0
    487709 7 6 0 0
    518929 0 7 0 0
    558638 1 7 0 0
    518929 2 7 0 0
    423031 3 7 0 0
    327131 4 7 0 0
    419956 5 7 0 0
    515855 6 7 0 0
    555563 7 7 0 0
    448567 0 0 1 0
    488276 1 0 1 0
    448567 2 0 1 0
    352669 3 0 1 0
    256769 4 0 1 0
    330810 5 0 1 0
    426709 6 0 1 0
    466417 7 0 1 0
    493021 0 1 1 0
    532730 1 1 1 0
    493021 2 1 1 0
    397123 3 1 1 0
    301223 4 1 1 0
    368128 5 1 1 0
    464027 6 1 1 0
    503735 7 1 1 0
    503003 0 2 1 0
    542712 1 2 1 0
    503003 2 2 1 0
    407105 3 2 1 0
    311205 4 2 1 0
    347448 5 2 1 0
    443347 6 2 1 0
    483055 7 2 1 0
    540323 0 3 1 0
    580032 1 3 1 0
    540323 2 3 1 0
    444425 3 3 1 0
    348525 4 3 1 0
    348530 5 3 1 0
    444429 6 3 1 0
    484137 7 3 1 0
    512515 0 4 1 0
    552224 1 4 1 0
    512515 2 4 1 0
    416617 3 4 1 0
    320717 4 4 1 0
    300138 5 4 1 0
    396037 6 4 1 0
    435745 7 4 1 0
    435843 0 5 1 0
    475552 1 5 1 0
    435843 2 5 1 0
    339945 3 5 1 0
    244045 4 5 1 0
    230600 5 5 1 0
    326499 6 5 1 0
    366207 7 5 1 0
    368767 0 6 1 0
    408476 1 6 1 0
    368767 2 6 1 0
    272869 3 6 1 0
    176969 4 6 1 0
    194188 5 6 1 0
    290087 6 6 1 0
    329795 7 6 1 0
    388541 0 7 1 0
    428250 1 7 1 0
    388541 2 7 1 0
    292643 3 7 1 0
    196743 4 7 1 0
    250198 5 7 1 0
    346097 6 7 1 0
    385805 7 7 1 0
    287869 0 0 2 0
    327578 1 0 2 0
    287869 2 0 2 0
    191971 3 0 2 0
    110249 4 0 2 0
    175076 5 0 2 0
    270975 6 0 2 0
    310683 7 0 2 0
    332323 0 1 2 0
    372032 1 1 2 0
    332323 2 1 2 0
    236425 3 1 2 0
    140525 4 1 2 0
    212394 5 1 2 0
    308293 6 1 2 0
    348001 7 1 2 0
    384663 0 2 2 0
    424372 1 2 2 0
    384663 2 2 2 0
    288765 3 2 2 0
    192865 4 2 2 0
    234072 5 2 2 0
    329971 6 2 2 0
    369679 7 2 2 0
    421983 0 3 2 0
    461692 1 3 2 0
    421983 2 3 2 0
    326085 3 3 2 0
    230185 4 3 2 0
    235154 5 3 2 0
    331053 6 3 2 0
    370761 7 3 2 0
    394175 0 4 2 0
    433884 1 4 2 0
    394175 2 4 2 0
    298277 3 4 2 0
    202377 4 4 2 0
    186762 5 4 2 0
    282661 6 4 2 0
    322369 7 4 2 0
    347825 0 5 2 0
    387534 1 5 2 0
    347825 2 5 2 0
    251927 3 5 2 0
    187417 4 5 2 0
    147546 5 5 2 0
    243445 6 5 2 0
    283153 7 5 2 0
    299431 0 6 2 0
    339140 1 6 2 0
    299431 2 6 2 0
    203533 3 6 2 0
    159609 4 6 2 0
    129816 5 6 2 0
    225715 6 6 2 0
    265423 7 6 2 0
    258165 0 7 2 0
    297874 1 7 2 0
    258165 2 7 2 0
    162267 3 7 2 0
    111207 4 7 2 0
    124786 5 7 2 0
    220685 6 7 2 0
    260393 7 7 2 0
    353928 0 0 3 0
    364121 1 0 3 0
    324412 2 0 3 0
    228514 3 0 3 0
    215676 4 0 3 0
    258029 5 0 3 0
    353928 6 0 3 0
    393636 7 0 3 0
    374076 0 1 3 0
    391405 1 1 3 0
    351696 2 1 3 0
    255798 3 1 3 0
    199586 4 1 3 0
    278177 5 1 3 0
    374076 6 1 3 0
    413784 7 1 3 0
    399320 0 2 3 0
    439029 1 2 3 0
    399320 2 2 3 0
    303422 3 2 3 0
    207522 4 2 3 0
    295139 5 2 3 0
    391038 6 2 3 0
    430746 7 2 3 0
    436640 0 3 3 0
    476349 1 3 3 0
    436640 2 3 3 0
    340742 3 3 3 0
    248700 4 3 3 0
    296221 5 3 3 0
    392120 6 3 3 0
    431828 7 3 3 0
    426002 0 4 3 0
    465711 1 4 3 0
    426002 2 4 3 0
    330104 3 4 3 0
    268726 4 4 3 0
    264999 5 4 3 0
    360898 6 4 3 0
    400606 7 4 3 0
    427086 0 5 3 0
    466795 1 5 3 0
    427086 2 5 3 0
    345754 3 5 3 0
    306046 4 5 3 0
    287783 5 5 3 0
    369116 6 5 3 0
    408824 7 5 3 0
    378692 0 6 3 0
    418401 1 6 3 0
    378692 2 6 3 0
    317946 3 6 3 0
    278238 4 6 3 0
    290639 5 6 3 0
    351386 6 6 3 0
    391094 7 6 3 0
    351072 0 7 3 0
    381851 1 7 3 0
    342142 2 7 3 0
    274260 3 7 3 0
    243482 4 7 3 0
    283189 5 7 3 0
    351072 6 7 3 0
    390780 7 7 3 0
    524629 0 0 4 0
    474162 1 0 4 0
    434453 2 0 4 0
    338555 3 0 4 0
    381415 4 0 4 0
    428730 5 0 4 0
    524629 6 0 4 0
    564337 7 0 4 0
    502419 0 1 4 0
    459088 1 1 4 0
    419379 2 1 4 0
    323481 3 1 4 0
    322967 4 1 4 0
    406520 5 1 4 0
    502419 6 1 4 0
    542127 7 1 4 0
    474613 0 2 4 0
    461944 1 2 4 0
    422235 2 2 4 0
    326337 3 2 4 0
    282815 4 2 4 0
    378714 5 2 4 0
    474613 6 2 4 0
    514321 7 2 4 0
    471457 0 3 4 0
    495026 1 3 4 0
    455317 2 3 4 0
    359419 3 3 4 0
    279659 4 3 4 0
    375558 5 3 4 0
    471457 6 3 4 0
    511165 7 3 4 0
    487037 0 4 4 0
    526746 1 4 4 0
    487037 2 4 4 0
    391139 3 4 4 0
    324799 4 4 4 0
    386694 5 4 4 0
    482593 6 4 4 0
    522301 7 4 4 0
    490811 0 5 4 0
    527830 1 5 4 0
    488121 2 5 4 0
    401827 3 5 4 0
    364809 4 5 4 0
    404516 5 5 4 0
    490811 6 5 4 0
    530519 7 5 4 0
    477319 0 6 4 0
    483674 1 6 4 0
    443965 2 6 4 0
    378257 3 6 4 0
    371903 4 6 4 0
    411610 5 6 4 0
    477319 6 6 4 0
    517027 7 6 4 0
    521773 0 7 4 0
    491892 1 7 4 0
    452183 2 7 4 0
    379339 3 7 4 0
    409221 4 7 4 0
    448928 5 7 4 0
    521773 6 7 4 0
    561481 7 7 4 0
    635641 0 0 5 0
    545806 1 0 5 0
    506097 2 0 5 0
    410199 3 0 5 0
    446015 4 0 5 0
    539742 5 0 5 0
    635641 6 0 5 0
    675349 7 0 5 0
    618147 0 1 5 0
    535448 1 1 5 0
    495739 2 1 5 0
    399841 3 1 5 0
    426349 4 1 5 0
    522248 5 1 5 0
    618147 6 1 5 0
    657855 7 1 5 0
    590341 0 2 5 0
    538304 1 2 5 0
    498595 2 2 5 0
    402697 3 2 5 0
    398543 4 2 5 0
    494442 5 2 5 0
    590341 6 2 5 0
    630049 7 2 5 0
    522583 0 3 5 0
    506784 1 3 5 0
    467075 2 3 5 0
    371177 3 3 5 0
    330785 4 3 5 0
    426684 5 3 5 0
    522583 6 3 5 0
    562291 7 3 5 0
    529003 0 4 5 0
    533788 1 4 5 0
    494079 2 4 5 0
    398181 3 4 5 0
    337205 4 4 5 0
    433104 5 4 5 0
    529003 6 4 5 0
    568711 7 4 5 0
    537221 0 5 5 0
    534872 1 5 5 0
    495163 2 5 5 0
    399265 3 5 5 0
    364807 4 5 5 0
    441322 5 5 5 0
    537221 6 5 5 0
    576929 7 5 5 0
    588331 0 6 5 0
    555318 1 6 5 0
    515609 2 6 5 0
    419711 3 6 5 0
    436503 4 6 5 0
    492432 5 6 5 0
    588331 6 6 5 0
    628039 7 6 5 0
    632785 0 7 5 0
    563536 1 7 5 0
    523827 2 7 5 0
    427929 3 7 5 0
    473821 4 7 5 0
    536886 5 7 5 0
    632785 6 7 5 0
    672493 7 7 5 0
    621987 0 0 6 0
    537114 1 0 6 0
    497405 2 0 6 0
    401507 3 0 6 0
    430189 4 0 6 0
    526088 5 0 6 0
    621987 6 0 6 0
    661695 7 0 6 0
    653499 0 1 6 0
    575762 1 1 6 0
    536053 2 1 6 0
    440155 3 1 6 0
    461701 4 1 6 0
    557600 5 1 6 0
    653499 6 1 6 0
    693207 7 1 6 0
    625693 0 2 6 0
    578618 1 2 6 0
    538909 2 2 6 0
    443011 3 2 6 0
    433895 4 2 6 0
    529794 5 2 6 0
    625693 6 2 6 0
    665401 7 2 6 0
    549019 0 3 6 0
    538182 1 3 6 0
    498473 2 3 6 0
    402575 3 3 6 0
    357221 4 3 6 0
    453120 5 3 6 0
    549019 6 3 6 0
    588727 7 3 6 0
    474215 0 4 6 0
    483962 1 4 6 0
    444253 2 4 6 0
    348355 3 4 6 0
    282417 4 4 6 0
    378316 5 4 6 0
    474215 6 4 6 0
    513923 7 4 6 0
    514651 0 5 6 0
    517264 1 5 6 0
    477555 2 5 6 0
    381657 3 5 6 0
    322853 4 5 6 0
    418752 5 5 6 0
    514651 6 5 6 0
    554359 7 5 6 0
    574677 0 6 6 0
    546626 1 6 6 0
    506917 2 6 6 0
    411019 3 6 6 0
    382879 4 6 6 0
    478778 5 6 6 0
    574677 6 6 6 0
    614385 7 6 6 0
    619131 0 7 6 0
    554844 1 7 6 0
    515135 2 7 6 0
    419237 3 7 6 0
    427333 4 7 6 0
    523232 5 7 6 0
    619131 6 7 6 0
    658839 7 7 6 0
    670780 0 0 7 0
    632319 1 0 7 0
    592610 2 0 7 0
    496712 3 0 7 0
    478982 4 0 7 0
    574881 5 0 7 0
    670780 6 0 7 0
    710488 7 0 7 0
    708098 0 1 7 0
    676773 1 1 7 0
    637064 2 1 7 0
    541166 3 1 7 0
    516300 4 1 7 0
    612199 5 1 7 0
    708098 6 1 7 0
    747806 7 1 7 0
    680292 0 2 7 0
    679629 1 2 7 0
    639920 2 2 7 0
    544022 3 2 7 0
    488494 4 2 7 0
    584393 5 2 7 0
    680292 6 2 7 0
    720000 7 2 7 0
    603618 0 3 7 0
    639193 1 3 7 0
    599484 2 3 7 0
    503586 3 3 7 0
    411820 4 3 7 0
    507719 5 3 7 0
    603618 6 3 7 0
    643326 7 3 7 0
    542950 0 4 7 0
    582659 1 4 7 0
    542950 2 4 7 0
    447052 3 4 7 0
    351152 4 4 7 0
    430601 5 4 7 0
    526500 6 4 7 0
    566208 7 4 7 0
    513964 0 5 7 0
    553673 1 5 7 0
    513964 2 5 7 0
    418066 3 5 7 0
    322166 4 5 7 0
    408749 5 5 7 0
    504648 6 5 7 0
    544356 7 5 7 0
    564674 0 6 7 0
    583035 1 6 7 0
    543326 2 6 7 0
    447428 3 6 7 0
    372876 4 6 7 0
    468775 5 6 7 0
    564674 6 6 7 0
    604382 7 6 7 0
    609128 0 7 7 0
    591253 1 7 7 0
    551544 2 7 7 0
    455646 3 7 7 0
    417330 4 7 7 0
    513229 5 7 7 0
    609128 6 7 7 0
    648836 7 7 7 0
    659362 0 0 0 1
    699071 1 0 0 1
    659362 2 0 0 1
    563464 3 0 0 1
    467564 4 0 0 1
    549175 5 0 0 1
    645074 6 0 0 1
    684782 7 0 0 1
    703816 0 1 0 1
    743525 1 1 0 1
    703816 2 1 0 1
    607918 3 1 0 1
    512018 4 1 0 1
    586493 5 1 0 1
    682392 6 1 0 1
    722100 7 1 0 1
    706672 0 2 0 1
    746381 1 2 0 1
    706672 2 2 0 1
    610774 3 2 0 1
    514874 4 2 0 1
    558687 5 2 0 1
    654586 6 2 0 1
    694294 7 2 0 1
    739352 0 3 0 1
    779061 1 3 0 1
    739352 2 3 0 1
    643454 3 3 0 1
    547554 4 3 0 1
    555129 5 3 0 1
    651028 6 3 0 1
    690736 7 3 0 1
    711544 0 4 0 1
    751253 1 4 0 1
    711544 2 4 0 1
    615646 3 4 0 1
    519746 4 4 0 1
    506737 5 4 0 1
    602636 6 4 0 1
    642344 7 4 0 1
    634872 0 5 0 1
    674581 1 5 0 1
    634872 2 5 0 1
    538974 3 5 0 1
    443074 4 5 0 1
    437199 5 5 0 1
    533098 6 5 0 1
    572806 7 5 0 1
    558900 0 6 0 1
    598609 1 6 0 1
    558900 2 6 0 1
    463002 3 6 0 1
    367102 4 6 0 1
    391891 5 6 0 1
    487790 6 6 0 1
    527498 7 6 0 1
    599336 0 7 0 1
    639045 1 7 0 1
    599336 2 7 0 1
    503438 3 7 0 1
    407538 4 7 0 1
    468563 5 7 0 1
    564462 6 7 0 1
    604170 7 7 0 1
    528974 0 0 1 1
    568683 1 0 1 1
    528974 2 0 1 1
    433076 3 0 1 1
    337176 4 0 1 1
    379417 5 0 1 1
    475316 6 0 1 1
    515024 7 0 1 1
    573428 0 1 1 1
    613137 1 1 1 1
    573428 2 1 1 1
    477530 3 1 1 1
    381630 4 1 1 1
    416735 5 1 1 1
    512634 6 1 1 1
    552342 7 1 1 1
    636248 0 2 1 1
    675957 1 2 1 1
    636248 2 2 1 1
    540350 3 2 1 1
    444450 4 2 1 1
    448893 5 2 1 1
    544792 6 2 1 1
    584500 7 2 1 1
    673568 0 3 1 1
    713277 1 3 1 1
    673568 2 3 1 1
    577670 3 3 1 1
    481770 4 3 1 1
    449975 5 3 1 1
    545874 6 3 1 1
    585582 7 3 1 1
    645760 0 4 1 1
    685469 1 4 1 1
    645760 2 4 1 1
    549862 3 4 1 1
    453962 4 4 1 1
    414255 5 4 1 1
    497482 6 4 1 1
    549862 7 4 1 1
    569088 0 5 1 1
    608797 1 5 1 1
    569088 2 5 1 1
    473190 3 5 1 1
    377290 4 5 1 1
    337583 5 5 1 1
    427944 6 5 1 1
    473190 7 5 1 1
    488476 0 6 1 1
    528185 1 6 1 1
    488476 2 6 1 1
    392578 3 6 1 1
    296678 4 6 1 1
    282097 5 6 1 1
    377996 6 6 1 1
    417704 7 6 1 1
    468948 0 7 1 1
    508657 1 7 1 1
    468948 2 7 1 1
    373050 3 7 1 1
    277150 4 7 1 1
    298805 5 7 1 1
    394704 6 7 1 1
    434412 7 7 1 1
    358482 0 0 2 1
    398191 1 0 2 1
    358482 2 0 2 1
    262584 3 0 2 1
    187192 4 0 2 1
    213889 5 0 2 1
    309788 6 0 2 1
    349496 7 0 2 1
    427504 0 1 2 1
    467213 1 1 2 1
    427504 2 1 2 1
    331606 3 1 2 1
    235706 4 1 2 1
    275775 5 1 2 1
    371674 6 1 2 1
    411382 7 1 2 1
    508114 0 2 2 1
    547823 1 2 2 1
    508114 2 2 2 1
    412216 3 2 2 1
    316316 4 2 2 1
    325723 5 2 2 1
    421622 6 2 2 1
    461330 7 2 2 1
    545434 0 3 2 1
    585143 1 3 2 1
    545434 2 3 2 1
    449536 3 3 2 1
    353636 4 3 2 1
    326805 5 3 2 1
    422704 6 3 2 1
    462412 7 3 2 1
    517626 0 4 2 1
    557335 1 4 2 1
    517626 2 4 2 1
    421728 3 4 2 1
    327312 4 4 2 1
    286121 5 4 2 1
    374312 6 4 2 1
    421728 7 4 2 1
    440954 0 5 2 1
    480663 1 5 2 1
    440954 2 5 2 1
    345056 3 5 2 1
    286876 4 5 2 1
    209449 5 5 2 1
    304774 6 5 2 1
    345056 7 5 2 1
    360342 0 6 2 1
    400051 1 6 2 1
    360342 2 6 2 1
    266558 3 6 2 1
    226850 4 6 2 1
    161041 5 6 2 1
    254826 6 6 2 1
    294534 7 6 2 1
    323024 0 7 2 1
    362733 1 7 2 1
    323024 2 7 2 1
    227126 3 7 2 1
    182396 4 7 2 1
    157845 5 7 2 1
    253744 6 7 2 1
    293452 7 7 2 1
    377855 0 0 3 1
    417564 1 0 3 1
    377855 2 0 3 1
    285641 3 0 3 1
    245933 4 0 3 1
    283356 5 0 3 1
    375571 6 0 3 1
    415279 7 0 3 1
    442161 0 1 3 1
    481870 1 1 3 1
    442161 2 1 3 1
    346263 3 1 3 1
    274001 4 1 3 1
    336842 5 1 3 1
    432741 6 1 3 1
    472449 7 1 3 1
    522771 0 2 3 1
    562480 1 2 3 1
    522771 2 2 3 1
    426873 3 2 3 1
    334027 4 2 3 1
    386790 5 2 3 1
    482689 6 2 3 1
    522397 7 2 3 1
    560091 0 3 3 1
    599800 1 3 3 1
    560091 2 3 3 1
    464193 3 3 3 1
    378481 4 3 3 1
    387872 5 3 3 1
    483771 6 3 3 1
    523479 7 3 3 1
    532283 0 4 3 1
    571992 1 4 3 1
    532283 2 4 3 1
    436385 3 4 3 1
    381337 4 4 3 1
    339480 5 4 3 1
    435379 6 4 3 1
    475087 7 4 3 1
    455611 0 5 3 1
    495320 1 5 3 1
    455611 2 5 3 1
    380609 3 5 3 1
    340901 4 5 3 1
    290838 5 5 3 1
    365841 6 5 3 1
    405549 7 5 3 1
    384269 0 6 3 1
    423978 1 6 3 1
    384269 2 6 3 1
    329853 3 6 3 1
    290145 4 6 3 1
    270746 5 6 3 1
    325163 6 6 3 1
    364871 7 6 3 1
    337681 0 7 3 1
    377390 1 7 3 1
    337681 2 7 3 1
    276129 3 7 3 1
    236421 4 7 3 1
    253258 5 7 3 1
    314811 6 7 3 1
    354519 7 7 3 1
    503914 0 0 4 1
    485247 1 0 4 1
    445538 2 0 4 1
    349640 3 0 4 1
    367030 4 0 4 1
    408015 5 0 4 1
    503914 6 0 4 1
    543622 7 0 4 1
    541232 0 1 4 1
    529701 1 1 4 1
    489992 2 1 4 1
    394094 3 1 4 1
    368110 4 1 4 1
    445333 5 1 4 1
    541232 6 1 4 1
    580940 7 1 4 1
    562026 0 2 4 1
    581157 1 2 4 1
    541448 2 2 4 1
    445550 3 2 4 1
    370228 4 2 4 1
    466127 5 2 4 1
    562026 6 2 4 1
    601734 7 2 4 1
    578768 0 3 4 1
    618477 1 3 4 1
    578768 2 3 4 1
    482870 3 3 4 1
    392196 4 3 4 1
    467209 5 3 4 1
    563108 6 3 4 1
    602816 7 3 4 1
    550960 0 4 4 1
    590669 1 4 4 1
    550960 2 4 4 1
    455062 3 4 4 1
    395052 4 4 4 1
    418817 5 4 4 1
    514716 6 4 4 1
    554424 7 4 4 1
    493698 0 5 4 1
    533407 1 5 4 1
    493698 2 5 4 1
    413734 3 5 4 1
    374026 4 5 4 1
    384623 5 5 4 1
    464588 6 5 4 1
    504296 7 5 4 1
    446858 0 6 4 1
    485013 1 6 4 1
    445304 2 6 4 1
    385926 3 6 4 1
    347772 4 6 4 1
    387479 5 6 4 1
    446858 6 6 4 1
    486566 7 6 4 1
    442712 0 7 4 1
    444631 1 7 4 1
    404922 2 7 4 1
    338408 3 7 4 1
    336490 4 7 4 1
    376197 5 7 4 1
    442712 6 7 4 1
    482420 7 7 4 1
    619642 0 0 5 1
    561607 1 0 5 1
    521898 2 0 5 1
    426000 3 0 5 1
    436346 4 0 5 1
    523743 5 0 5 1
    619642 6 0 5 1
    659350 7 0 5 1
    656960 0 1 5 1
    606061 1 1 5 1
    566352 2 1 5 1
    470454 3 1 5 1
    465162 4 1 5 1
    561061 5 1 5 1
    656960 6 1 5 1
    696668 7 1 5 1
    629154 0 2 5 1
    608917 1 2 5 1
    569208 2 2 5 1
    473310 3 2 5 1
    437356 4 2 5 1
    533255 5 2 5 1
    629154 6 2 5 1
    668862 7 2 5 1
    614234 0 3 5 1
    630235 1 3 5 1
    590526 2 3 5 1
    494628 3 3 5 1
    422436 4 3 5 1
    518335 5 3 5 1
    614234 6 3 5 1
    653942 7 3 5 1
    565842 0 4 5 1
    602427 1 4 5 1
    562718 2 4 5 1
    466820 3 4 5 1
    374044 4 4 5 1
    469943 5 4 5 1
    565842 6 4 5 1
    605550 7 4 5 1
    510998 0 5 5 1
    540449 1 5 5 1
    500740 2 5 5 1
    404842 3 5 5 1
    344914 4 5 5 1
    415099 5 5 5 1
    510998 6 5 5 1
    550706 7 5 5 1
    509270 0 6 5 1
    508057 1 6 5 1
    468348 2 6 5 1
    372450 3 6 5 1
    363772 4 6 5 1
    413371 5 6 5 1
    509270 6 6 5 1
    548978 7 6 5 1
    553724 0 7 5 1
    516275 1 7 5 1
    476566 2 7 5 1
    380668 3 7 5 1
    401090 4 7 5 1
    457825 5 7 5 1
    553724 6 7 5 1
    593432 7 7 5 1
    654994 0 0 6 1
    601921 1 0 6 1
    562212 2 0 6 1
    466314 3 0 6 1
    463196 4 0 6 1
    559095 5 0 6 1
    654994 6 0 6 1
    694702 7 0 6 1
    692312 0 1 6 1
    646375 1 1 6 1
    606666 2 1 6 1
    510768 3 1 6 1
    500514 4 1 6 1
    596413 5 1 6 1
    692312 6 1 6 1
    732020 7 1 6 1
    664506 0 2 6 1
    649231 1 2 6 1
    609522 2 2 6 1
    513624 3 2 6 1
    472708 4 2 6 1
    568607 5 2 6 1
    664506 6 2 6 1
    704214 7 2 6 1
    607226 0 3 6 1
    628189 1 3 6 1
    588480 2 3 6 1
    492582 3 3 6 1
    415428 4 3 6 1
    511327 5 3 6 1
    607226 6 3 6 1
    646934 7 3 6 1
    560672 0 4 6 1
    600381 1 4 6 1
    560672 2 4 6 1
    464774 3 4 6 1
    368874 4 4 6 1
    462935 5 4 6 1
    558834 6 4 6 1
    598542 7 4 6 1
    489296 0 5 6 1
    523709 1 5 6 1
    484000 2 5 6 1
    388102 3 5 6 1
    297498 4 5 6 1
    393397 5 5 6 1
    489296 6 5 6 1
    529004 7 5 6 1
    497710 0 6 6 1
    501459 1 6 6 1
    461750 2 6 6 1
    365852 3 6 6 1
    305912 4 6 6 1
    401811 5 6 6 1
    497710 6 6 6 1
    537418 7 6 6 1
    574382 0 7 6 1
    541895 1 7 6 1
    502186 2 7 6 1
    406288 3 7 6 1
    382584 4 7 6 1
    478483 5 7 6 1
    574382 6 7 6 1
    614090 7 7 6 1
    719387 0 0 7 1
    712726 1 0 7 1
    673017 2 0 7 1
    577119 3 0 7 1
    527589 4 0 7 1
    623488 5 0 7 1
    719387 6 0 7 1
    759095 7 0 7 1
    756705 0 1 7 1
    757180 1 1 7 1
    717471 2 1 7 1
    621573 3 1 7 1
    564907 4 1 7 1
    660806 5 1 7 1
    756705 6 1 7 1
    796413 7 1 7 1
    728899 0 2 7 1
    760036 1 2 7 1
    720327 2 2 7 1
    624429 3 2 7 1
    537101 4 2 7 1
    633000 5 2 7 1
    728899 6 2 7 1
    768607 7 2 7 1
    704003 0 3 7 1
    743712 1 3 7 1
    704003 2 3 7 1
    608105 3 3 7 1
    512205 4 3 7 1
    580438 5 3 7 1
    676337 6 3 7 1
    716045 7 3 7 1
    676195 0 4 7 1
    715904 1 4 7 1
    676195 2 4 7 1
    580297 3 4 7 1
    484397 4 4 7 1
    532046 5 4 7 1
    627945 6 4 7 1
    667653 7 4 7 1
    599523 0 5 7 1
    639232 1 5 7 1
    599523 2 5 7 1
    503625 3 5 7 1
    407725 4 5 7 1
    462508 5 5 7 1
    558407 6 5 7 1
    598115 7 5 7 1
    572555 0 6 7 1
    612264 1 6 7 1
    572555 2 6 7 1
    476657 3 6 7 1
    380757 4 6 7 1
    466204 5 6 7 1
    562103 6 6 7 1
    601811 7 6 7 1
    638775 0 7 7 1
    652700 1 7 7 1
    612991 2 7 7 1
    517093 3 7 7 1
    446977 4 7 7 1
    542876 5 7 7 1
    638775 6 7 7 1
    678483 7 7 7 1
    665653 0 0 0 2
    705362 1 0 0 2
    665653 2 0 0 2
    569755 3 0 0 2
    473855 4 0 0 2
    537450 5 0 0 2
    633349 6 0 0 2
    673057 7 0 0 2
    742327 0 1 0 2
    782036 1 1 0 2
    742327 2 1 0 2
    646429 3 1 0 2
    550529 4 1 0 2
    606988 5 1 0 2
    702887 6 1 0 2
    742595 7 1 0 2
    822937 0 2 0 2
    862646 1 2 0 2
    822937 2 2 0 2
    727039 3 2 0 2
    631139 4 2 0 2
    656936 5 2 0 2
    752835 6 2 0 2
    792543 7 2 0 2
    860257 0 3 0 2
    899966 1 3 0 2
    860257 2 3 0 2
    764359 3 3 0 2
    668459 4 3 0 2
    658018 5 3 0 2
    753917 6 3 0 2
    793625 7 3 0 2
    832449 0 4 0 2
    872158 1 4 0 2
    832449 2 4 0 2
    736551 3 4 0 2
    640651 4 4 0 2
    609626 5 4 0 2
    705525 6 4 0 2
    745233 7 4 0 2
    755777 0 5 0 2
    795486 1 5 0 2
    755777 2 5 0 2
    659879 3 5 0 2
    563979 4 5 0 2
    540088 5 5 0 2
    635987 6 5 0 2
    675695 7 5 0 2
    675165 0 6 0 2
    714874 1 6 0 2
    675165 2 6 0 2
    579267 3 6 0 2
    483367 4 6 0 2
    490140 5 6 0 2
    586039 6 6 0 2
    625747 7 6 0 2
    637847 0 7 0 2
    677556 1 7 0 2
    637847 2 7 0 2
    541949 3 7 0 2
    446049 4 7 0 2
    489058 5 7 0 2
    584957 6 7 0 2
    624665 7 7 0 2
    599869 0 0 1 2
    639578 1 0 1 2
    599869 2 0 1 2
    503971 3 0 1 2
    408071 4 0 1 2
    432296 5 0 1 2
    528195 6 0 1 2
    567903 7 0 1 2
    676543 0 1 1 2
    716252 1 1 1 2
    676543 2 1 1 2
    580645 3 1 1 2
    484745 4 1 1 2
    501834 5 1 1 2
    597733 6 1 1 2
    637441 7 1 1 2
    757153 0 2 1 2
    796862 1 2 1 2
    757153 2 2 1 2
    661255 3 2 1 2
    565355 4 2 1 2
    551782 5 2 1 2
    647681 6 2 1 2
    687389 7 2 1 2
    794473 0 3 1 2
    834182 1 3 1 2
    794473 2 3 1 2
    698575 3 3 1 2
    602675 4 3 1 2
    562968 5 3 1 2
    648763 6 3 1 2
    698575 7 3 1 2
    766665 0 4 1 2
    806374 1 4 1 2
    766665 2 4 1 2
    670767 3 4 1 2
    574867 4 4 1 2
    535160 5 4 1 2
    600371 6 4 1 2
    670767 7 4 1 2
    689993 0 5 1 2
    729702 1 5 1 2
    689993 2 5 1 2
    594095 3 5 1 2
    502213 4 5 1 2
    458488 5 5 1 2
    530833 6 5 1 2
    594095 7 5 1 2
    609381 0 6 1 2
    649090 1 6 1 2
    609381 2 6 1 2
    513483 3 6 1 2
    442187 4 6 1 2
    384986 5 6 1 2
    480885 6 6 1 2
    520593 7 6 1 2
    572063 0 7 1 2
    611772 1 7 1 2
    572063 2 7 1 2
    476165 3 7 1 2
    397733 4 7 1 2
    383904 5 7 1 2
    479803 6 7 1 2
    519511 7 7 1 2
    471527 0 0 2 2
    511236 1 0 2 2
    471527 2 0 2 2
    375629 3 0 2 2
    327195 4 0 2 2
    308918 5 0 2 2
    404817 6 0 2 2
    444525 7 0 2 2
    548201 0 1 2 2
    587910 1 1 2 2
    548201 2 1 2 2
    452303 3 1 2 2
    367631 4 1 2 2
    378456 5 1 2 2
    474355 6 1 2 2
    514063 7 1 2 2
    628811 0 2 2 2
    668520 1 2 2 2
    628811 2 2 2 2
    532913 3 2 2 2
    437013 4 2 2 2
    428404 5 2 2 2
    524303 6 2 2 2
    564011 7 2 2 2
    666131 0 3 2 2
    705840 1 3 2 2
    666131 2 3 2 2
    570233 3 3 2 2
    474333 4 3 2 2
    434626 5 3 2 2
    525385 6 3 2 2
    570233 7 3 2 2
    638323 0 4 2 2
    678032 1 4 2 2
    638323 2 4 2 2
    542425 3 4 2 2
    474967 4 4 2 2
    406818 5 4 2 2
    476993 6 4 2 2
    542425 7 4 2 2
    561651 0 5 2 2
    601360 1 5 2 2
    561651 2 5 2 2
    474239 3 5 2 2
    434531 4 5 2 2
    338632 5 5 2 2
    407455 6 5 2 2
    465753 7 5 2 2
    481039 0 6 2 2
    520748 1 6 2 2
    481039 2 6 2 2
    414213 3 6 2 2
    374505 4 6 2 2
    290680 5 6 2 2
    357507 6 6 2 2
    397215 7 6 2 2
    443721 0 7 2 2
    483430 1 7 2 2
    443721 2 7 2 2
    369759 3 7 2 2
    330051 4 7 2 2
    282462 5 7 2 2
    356425 6 7 2 2
    396133 7 7 2 2
    477236 0 0 3 2
    516945 1 0 3 2
    477236 2 0 3 2
    411980 3 0 3 2
    372272 4 0 3 2
    391679 5 0 3 2
    456936 6 0 3 2
    496644 7 0 3 2
    553910 0 1 3 2
    593619 1 1 3 2
    553910 2 1 3 2
    458012 3 1 3 2
    412708 4 1 3 2
    430575 5 1 3 2
    526474 6 1 3 2
    566182 7 1 3 2
    634520 0 2 3 2
    674229 1 2 3 2
    634520 2 2 3 2
    538622 3 2 3 2
    472734 4 2 3 2
    480523 5 2 3 2
    576422 6 2 3 2
    616130 7 2 3 2
    671840 0 3 3 2
    711549 1 3 3 2
    671840 2 3 3 2
    575942 3 3 3 2
    517188 4 3 3 2
    481605 5 3 3 2
    577504 6 3 3 2
    617212 7 3 3 2
    644032 0 4 3 2
    683741 1 4 3 2
    644032 2 4 3 2
    559752 3 4 3 2
    520044 4 4 3 2
    444831 5 4 3 2
    529112 6 4 3 2
    568820 7 4 3 2
    567360 0 5 3 2
    607069 1 5 3 2
    567360 2 5 3 2
    519316 3 5 3 2
    479608 4 5 3 2
    411529 5 5 3 2
    459574 6 5 3 2
    499282 7 5 3 2
    486748 0 6 3 2
    526457 1 6 3 2
    486748 2 6 3 2
    459290 3 6 3 2
    419582 4 6 3 2
    382167 5 6 3 2
    409626 6 6 3 2
    449334 7 6 3 2
    449430 0 7 3 2
    489139 1 7 3 2
    449430 2 7 3 2
    414836 3 7 3 2
    375128 4 7 3 2
    373949 5 7 3 2
    408544 6 7 3 2
    448252 7 7 3 2
    536273 0 0 4 2
    535622 1 0 4 2
    495913 2 0 4 2
    425695 3 0 4 2
    426347 4 0 4 2
    466054 5 0 4 2
    536273 6 0 4 2
    575981 7 0 4 2
    605811 0 1 4 2
    612296 1 1 4 2
    572587 2 1 4 2
    476689 3 1 4 2
    459647 4 1 4 2
    509912 5 1 4 2
    605811 6 1 4 2
    645519 7 1 4 2
    655759 0 2 4 2
    692906 1 2 4 2
    653197 2 2 4 2
    557299 3 2 4 2
    489011 4 2 4 2
    559860 5 2 4 2
    655759 6 2 4 2
    695467 7 2 4 2
    690517 0 3 4 2
    730226 1 3 4 2
    690517 2 3 4 2
    594619 3 3 4 2
    530903 4 3 4 2
    560942 5 3 4 2
    656841 6 3 4 2
    696549 7 3 4 2
    662709 0 4 4 2
    702418 1 4 4 2
    662709 2 4 4 2
    573467 3 4 4 2
    533759 4 4 4 2
    519206 5 4 4 2
    608449 6 4 4 2
    648157 7 4 4 2
    586037 0 5 4 2
    625746 1 5 4 2
    586037 2 5 4 2
    533031 3 5 4 2
    493323 4 5 4 2
    485904 5 5 4 2
    538911 6 5 4 2
    578619 7 5 4 2
    511033 0 6 4 2
    550742 1 6 4 2
    511033 2 6 4 2
    478613 3 6 4 2
    438905 4 6 4 2
    462150 5 6 4 2
    494571 6 6 4 2
    534279 7 6 4 2
    487881 0 7 4 2
    507816 1 7 4 2
    468107 2 7 4 2
    428551 3 7 4 2
    408617 4 7 4 2
    448324 5 7 4 2
    487881 6 7 4 2
    527589 7 7 4 2
    592675 0 0 5 2
    552656 1 0 5 2
    512947 2 0 5 2
    417049 3 0 5 2
    436337 4 0 5 2
    496776 5 0 5 2
    592675 6 0 5 2
    632383 7 0 5 2
    656937 0 1 5 2
    624054 1 1 5 2
    584345 2 1 5 2
    488447 3 1 5 2
    465139 4 1 5 2
    561038 5 1 5 2
    656937 6 1 5 2
    696645 7 1 5 2
    706885 0 2 5 2
    704664 1 2 5 2
    664955 2 2 5 2
    569057 3 2 5 2
    515087 4 2 5 2
    610986 5 2 5 2
    706885 6 2 5 2
    746593 7 2 5 2
    707967 0 3 5 2
    741984 1 3 5 2
    702275 2 3 5 2
    606377 3 3 5 2
    516169 4 3 5 2
    612068 5 3 5 2
    707967 6 3 5 2
    747675 7 3 5 2
    674467 0 4 5 2
    714176 1 4 5 2
    674467 2 4 5 2
    578569 3 4 5 2
    499105 4 4 5 2
    563676 5 4 5 2
    659575 6 4 5 2
    699283 7 4 5 2
    597795 0 5 5 2
    637504 1 5 5 2
    597795 2 5 5 2
    501897 3 5 5 2
    458669 4 5 5 2
    494138 5 5 5 2
    590037 6 5 5 2
    629745 7 5 5 2
    540981 0 6 5 2
    557784 1 6 5 2
    518075 2 6 5 2
    439243 3 6 5 2
    422441 4 6 5 2
    462148 5 6 5 2
    540981 6 6 5 2
    580689 7 6 5 2
    539007 0 7 5 2
    519574 1 7 5 2
    479865 2 7 5 2
    393897 3 7 5 2
    413331 4 7 5 2
    453038 5 7 5 2
    539007 6 7 5 2
    578715 7 7 5 2
    636975 0 0 6 2
    601918 1 0 6 2
    562209 2 0 6 2
    466311 3 0 6 2
    445177 4 0 6 2
    541076 5 0 6 2
    636975 6 0 6 2
    676683 7 0 6 2
    674293 0 1 6 2
    646372 1 1 6 2
    606663 2 1 6 2
    510765 3 1 6 2
    482495 4 1 6 2
    578394 5 1 6 2
    674293 6 1 6 2
    714001 7 1 6 2
    708825 0 2 6 2
    711566 1 2 6 2
    671857 2 2 6 2
    575959 3 2 6 2
    517027 4 2 6 2
    612926 5 2 6 2
    708825 6 2 6 2
    748533 7 2 6 2
    709907 0 3 6 2
    748886 1 3 6 2
    709177 2 3 6 2
    613279 3 3 6 2
    518109 4 3 6 2
    614008 5 3 6 2
    709907 6 3 6 2
    749615 7 3 6 2
    681369 0 4 6 2
    721078 1 4 6 2
    681369 2 4 6 2
    585471 3 4 6 2
    489571 4 4 6 2
    565616 5 4 6 2
    661515 6 4 6 2
    701223 7 4 6 2
    604697 0 5 6 2
    644406 1 5 6 2
    604697 2 5 6 2
    508799 3 5 6 2
    412899 4 5 6 2
    496078 5 5 6 2
    591977 6 5 6 2
    631685 7 5 6 2
    542029 0 6 6 2
    563794 1 6 6 2
    524085 2 6 6 2
    428187 3 6 6 2
    362831 4 6 6 2
    446130 5 6 6 2
    542029 6 6 6 2
    581737 7 6 6 2
    556363 0 7 6 2
    541892 1 7 6 2
    502183 2 7 6 2
    406285 3 7 6 2
    370029 4 7 6 2
    460464 5 7 6 2
    556363 6 7 6 2
    596071 7 7 6 2
    701576 0 0 7 2
    712931 1 0 7 2
    673222 2 0 7 2
    577324 3 0 7 2
    509778 4 0 7 2
    605677 5 0 7 2
    701576 6 0 7 2
    741284 7 0 7 2
    738894 0 1 7 2
    757385 1 1 7 2
    717676 2 1 7 2
    621778 3 1 7 2
    547096 4 1 7 2
    642995 5 1 7 2
    738894 6 1 7 2
    778602 7 1 7 2
    787588 0 2 7 2
    827297 1 2 7 2
    787588 2 2 7 2
    691690 3 2 7 2
    595790 4 2 7 2
    682245 5 2 7 2
    778144 6 2 7 2
    817852 7 2 7 2
    824908 0 3 7 2
    864617 1 3 7 2
    824908 2 3 7 2
    729010 3 3 7 2
    633110 4 3 7 2
    683327 5 3 7 2
    779226 6 3 7 2
    818934 7 3 7 2
    797100 0 4 7 2
    836809 1 4 7 2
    797100 2 4 7 2
    701202 3 4 7 2
    605302 4 4 7 2
    634935 5 4 7 2
    730834 6 4 7 2
    770542 7 4 7 2
    720428 0 5 7 2
    760137 1 5 7 2
    720428 2 5 7 2
    624530 3 5 7 2
    528630 4 5 7 2
    565397 5 5 7 2
    661296 6 5 7 2
    701004 7 5 7 2
    639816 0 6 7 2
    679525 1 6 7 2
    639816 2 6 7 2
    543918 3 6 7 2
    448018 4 6 7 2
    515449 5 6 7 2
    611348 6 6 7 2
    651056 7 6 7 2
    620964 0 7 7 2
    652905 1 7 7 2
    613196 2 7 7 2
    517298 3 7 7 2
    429166 4 7 7 2
    525065 5 7 7 2
    620964 6 7 7 2
    660672 7 7 7 2
    692262 0 0 0 3
    731971 1 0 0 3
    692262 2 0 0 3
    596364 3 0 0 3
    500464 4 0 0 3
    570389 5 0 0 3
    666288 6 0 0 3
    705996 7 0 0 3
    768936 0 1 0 3
    808645 1 1 0 3
    768936 2 1 0 3
    673038 3 1 0 3
    577138 4 1 0 3
    639927 5 1 0 3
    735826 6 1 0 3
    775534 7 1 0 3
    849546 0 2 0 3
    889255 1 2 0 3
    849546 2 2 0 3
    753648 3 2 0 3
    657748 4 2 0 3
    689875 5 2 0 3
    785774 6 2 0 3
    825482 7 2 0 3
    886866 0 3 0 3
    926575 1 3 0 3
    886866 2 3 0 3
    790968 3 3 0 3
    695068 4 3 0 3
    690957 5 3 0 3
    786856 6 3 0 3
    826564 7 3 0 3
    859058 0 4 0 3
    898767 1 4 0 3
    859058 2 4 0 3
    763160 3 4 0 3
    667260 4 4 0 3
    642565 5 4 0 3
    738464 6 4 0 3
    778172 7 4 0 3
    782386 0 5 0 3
    822095 1 5 0 3
    782386 2 5 0 3
    686488 3 5 0 3
    590588 4 5 0 3
    573027 5 5 0 3
    668926 6 5 0 3
    708634 7 5 0 3
    701774 0 6 0 3
    741483 1 6 0 3
    701774 2 6 0 3
    605876 3 6 0 3
    519968 4 6 0 3
    523079 5 6 0 3
    618978 6 6 0 3
    658686 7 6 0 3
    664456 0 7 0 3
    704165 1 7 0 3
    664456 2 7 0 3
    568558 3 7 0 3
    475514 4 7 0 3
    521997 5 7 0 3
    617896 6 7 0 3
    657604 7 7 0 3
    626478 0 0 1 3
    666187 1 0 1 3
    626478 2 0 1 3
    530580 3 0 1 3
    453284 4 0 1 3
    465235 5 0 1 3
    561134 6 0 1 3
    600842 7 0 1 3
    703152 0 1 1 3
    742861 1 1 1 3
    703152 2 1 1 3
    607254 3 1 1 3
    511354 4 1 1 3
    534773 5 1 1 3
    630672 6 1 1 3
    670380 7 1 1 3
    783762 0 2 1 3
    823471 1 2 1 3
    783762 2 2 1 3
    687864 3 2 1 3
    591964 4 2 1 3
    584721 5 2 1 3
    680620 6 2 1 3
    720328 7 2 1 3
    821082 0 3 1 3
    860791 1 3 1 3
    821082 2 3 1 3
    725184 3 3 1 3
    629284 4 3 1 3
    589577 5 3 1 3
    681702 6 3 1 3
    725184 7 3 1 3
    793274 0 4 1 3
    832983 1 4 1 3
    793274 2 4 1 3
    697376 3 4 1 3
    601476 4 4 1 3
    561769 5 4 1 3
    633310 6 4 1 3
    697376 7 4 1 3
    716602 0 5 1 3
    756311 1 5 1 3
    716602 2 5 1 3
    620704 3 5 1 3
    560620 4 5 1 3
    485097 5 5 1 3
    563772 6 5 1 3
    620704 7 5 1 3
    635990 0 6 1 3
    675699 1 6 1 3
    635990 2 6 1 3
    540302 3 6 1 3
    500594 4 6 1 3
    418135 5 6 1 3
    513824 6 6 1 3
    553532 7 6 1 3
    598672 0 7 1 3
    638381 1 7 1 3
    598672 2 7 1 3
    502774 3 7 1 3
    456140 4 7 1 3
    416843 5 7 1 3
    512742 6 7 1 3
    552450 7 7 1 3
    498136 0 0 2 3
    537845 1 0 2 3
    498136 2 0 2 3
    425310 3 0 2 3
    385602 4 0 2 3
    364929 5 0 2 3
    437756 6 0 2 3
    477464 7 0 2 3
    574810 0 1 2 3
    614519 1 1 2 3
    574810 2 1 2 3
    478912 3 1 2 3
    426038 4 1 2 3
    411395 5 1 2 3
    507294 6 1 2 3
    547002 7 1 2 3
    655420 0 2 2 3
    695129 1 2 2 3
    655420 2 2 2 3
    559522 3 2 2 3
    486064 4 2 2 3
    461343 5 2 2 3
    557242 6 2 2 3
    596950 7 2 2 3
    692740 0 3 2 3
    732449 1 3 2 3
    692740 2 3 2 3
    596842 3 3 2 3
    530518 4 3 2 3
    462425 5 3 2 3
    558324 6 3 2 3
    598032 7 3 2 3
    664932 0 4 2 3
    704641 1 4 2 3
    664932 2 4 2 3
    573082 3 4 2 3
    533374 4 4 2 3
    437475 5 4 2 3
    509932 6 4 2 3
    569034 7 4 2 3
    588260 0 5 2 3
    627969 1 5 2 3
    588260 2 5 2 3
    532646 3 5 2 3
    492938 4 5 2 3
    397039 5 5 2 3
    440394 6 5 2 3
    492362 7 5 2 3
    507648 0 6 2 3
    547357 1 6 2 3
    507648 2 6 2 3
    472620 3 6 2 3
    432912 4 6 2 3
    355417 5 6 2 3
    390446 6 6 2 3
    430154 7 6 2 3
    470330 0 7 2 3
    510039 1 7 2 3
    470330 2 7 2 3
    428166 3 7 2 3
    388458 4 7 2 3
    347199 5 7 2 3
    389364 6 7 2 3
    429072 7 7 2 3
    500689 0 0 3 3
    540398 1 0 3 3
    500689 2 0 3 3
    467231 3 0 3 3
    427523 4 0 3 3
    453260 5 0 3 3
    486719 6 0 3 3
    526427 7 0 3 3
    577363 0 1 3 3
    617072 1 1 3 3
    577363 2 1 3 3
    507667 3 1 3 3
    467959 4 1 3 3
    486560 5 1 3 3
    556257 6 1 3 3
    595965 7 1 3 3
    657973 0 2 3 3
    697682 1 2 3 3
    657973 2 2 3 3
    567693 3 2 3 3
    527985 4 2 3 3
    515924 5 2 3 3
    606205 6 2 3 3
    645913 7 2 3 3
    695293 0 3 3 3
    735002 1 3 3 3
    695293 2 3 3 3
    612147 3 3 3 3
    572439 4 3 3 3
    524140 5 3 3 3
    607287 6 3 3 3
    646995 7 3 3 3
    667485 0 4 3 3
    707194 1 4 3 3
    667485 2 4 3 3
    615003 3 4 3 3
    575295 4 4 3 3
    506412 5 4 3 3
    558895 6 4 3 3
    598603 7 4 3 3
    590813 0 5 3 3
    630522 1 5 3 3
    590813 2 5 3 3
    574567 3 5 3 3
    534859 4 5 3 3
    473110 5 5 3 3
    489357 6 5 3 3
    529065 7 5 3 3
    526289 0 6 3 3
    565998 1 6 3 3
    526289 2 6 3 3
    530629 3 6 3 3
    490921 4 6 3 3
    459836 5 6 3 3
    455497 6 6 3 3
    495205 7 6 3 3
    472883 0 7 3 3
    512592 1 7 3 3
    472883 2 7 3 3
    470087 3 7 3 3
    430379 4 7 3 3
    435530 5 7 3 3
    438327 6 7 3 3
    478035 7 7 3 3
    566056 0 0 4 3
    559075 1 0 4 3
    519366 2 0 4 3
    480946 3 0 4 3
    487928 4 0 4 3
    527635 5 0 4 3
    566056 6 0 4 3
    605764 7 0 4 3
    635594 0 1 4 3
    635749 1 1 4 3
    596040 2 1 4 3
    521382 3 1 4 3
    521228 4 1 4 3
    560935 5 1 4 3
    635594 6 1 4 3
    675302 7 1 4 3
    685542 0 2 4 3
    716359 1 2 4 3
    676650 2 2 4 3
    581408 3 2 4 3
    550592 4 2 4 3
    590299 5 2 4 3
    685542 6 2 4 3
    725250 7 2 4 3
    713970 0 3 4 3
    753679 1 3 4 3
    713970 2 3 4 3
    625862 3 3 4 3
    586154 4 3 4 3
    598515 5 3 4 3
    686624 6 3 4 3
    726332 7 3 4 3
    686162 0 4 4 3
    725871 1 4 4 3
    686162 2 4 4 3
    628718 3 4 4 3
    589010 4 4 4 3
    580787 5 4 4 3
    638232 6 4 4 3
    677940 7 4 4 3
    635718 0 5 4 3
    675427 1 5 4 3
    635718 2 5 4 3
    614510 3 5 4 3
    574802 4 5 4 3
    573713 5 5 4 3
    594922 6 5 4 3
    634630 7 5 4 3
    587324 0 6 4 3
    627033 1 6 4 3
    587324 2 6 4 3
    586702 3 6 4 3
    546994 4 6 4 3
    576569 5 6 4 3
    577192 6 6 4 3
    616900 7 6 4 3
    543892 0 7 4 3
    557497 1 7 4 3
    517788 2 7 4 3
    510030 3 7 4 3
    496426 4 7 4 3
    536133 5 7 4 3
    543892 6 7 4 3
    583600 7 7 4 3
    617182 0 0 5 3
    570833 1 0 5 3
    531124 2 0 5 3
    446292 3 0 5 3
    492642 4 0 5 3
    532349 5 0 5 3
    617182 6 0 5 3
    656890 7 0 5 3
    686720 0 1 5 3
    647507 1 1 5 3
    607798 2 1 5 3
    511900 3 1 5 3
    525942 4 1 5 3
    590821 5 1 5 3
    686720 6 1 5 3
    726428 7 1 5 3
    736668 0 2 5 3
    728117 1 2 5 3
    688408 2 2 5 3
    592510 3 2 5 3
    555306 4 2 5 3
    640769 5 2 5 3
    736668 6 2 5 3
    776376 7 2 5 3
    737750 0 3 5 3
    765437 1 3 5 3
    725728 2 3 5 3
    629830 3 3 5 3
    563522 4 3 5 3
    641851 5 3 5 3
    737750 6 3 5 3
    777458 7 3 5 3
    697920 0 4 5 3
    737629 1 4 5 3
    697920 2 4 5 3
    602022 3 4 5 3
    554356 4 4 5 3
    593459 5 4 5 3
    689358 6 4 5 3
    729066 7 4 5 3
    642760 0 5 5 3
    682469 1 5 5 3
    642760 2 5 5 3
    575140 3 5 5 3
    535432 4 5 5 3
    573711 5 5 5 3
    641332 6 5 5 3
    681040 7 5 5 3
    623602 0 6 5 3
    634075 1 6 5 3
    594366 2 6 5 3
    547332 3 6 5 3
    536860 4 6 5 3
    576567 5 6 5 3
    623602 6 6 5 3
    663310 7 6 5 3
    590302 0 7 5 3
    564539 1 7 5 3
    524830 2 7 5 3
    470660 3 7 5 3
    496424 4 7 5 3
    536131 5 7 5 3
    590302 6 7 5 3
    630010 7 7 5 3
    622278 0 0 6 3
    580891 1 0 6 3
    541182 2 0 6 3
    445284 3 0 6 3
    437080 4 0 6 3
    526379 5 0 6 3
    622278 6 0 6 3
    661986 7 0 6 3
    691816 0 1 6 3
    657565 1 1 6 3
    617856 2 1 6 3
    521958 3 1 6 3
    500018 4 1 6 3
    595917 5 1 6 3
    691816 6 1 6 3
    731524 7 1 6 3
    741764 0 2 6 3
    738175 1 2 6 3
    698466 2 2 6 3
    602568 3 2 6 3
    549966 4 2 6 3
    645865 5 2 6 3
    741764 6 2 6 3
    781472 7 2 6 3
    742846 0 3 6 3
    775495 1 3 6 3
    735786 2 3 6 3
    639888 3 3 6 3
    551048 4 3 6 3
    646947 5 3 6 3
    742846 6 3 6 3
    782554 7 3 6 3
    707978 0 4 6 3
    747687 1 4 6 3
    707978 2 4 6 3
    612080 3 4 6 3
    516180 4 4 6 3
    598555 5 4 6 3
    694454 6 4 6 3
    734162 7 4 6 3
    631306 0 5 6 3
    671015 1 5 6 3
    631306 2 5 6 3
    535408 3 5 6 3
    463320 4 5 6 3
    529017 5 5 6 3
    624916 6 5 6 3
    664624 7 5 6 3
    579692 0 6 6 3
    595127 1 6 6 3
    555418 2 6 6 3
    459520 3 6 6 3
    432292 4 6 6 3
    483793 5 6 6 3
    579692 6 6 6 3
    619400 7 6 6 3
    573886 0 7 6 3
    553085 1 7 6 3
    513376 2 7 6 3
    417478 3 7 6 3
    419350 4 7 6 3
    477987 5 7 6 3
    573886 6 7 6 3
    613594 7 7 6 3
    691597 0 0 7 3
    696622 1 0 7 3
    656913 2 0 7 3
    561015 3 0 7 3
    499799 4 0 7 3
    595698 5 0 7 3
    691597 6 0 7 3
    731305 7 0 7 3
    761135 0 1 7 3
    773296 1 1 7 3
    733587 2 1 7 3
    637689 3 1 7 3
    569337 4 1 7 3
    665236 5 1 7 3
    761135 6 1 7 3
    800843 7 1 7 3
    814197 0 2 7 3
    853906 1 2 7 3
    814197 2 2 7 3
    718299 3 2 7 3
    622399 4 2 7 3
    715184 5 2 7 3
    811083 6 2 7 3
    850791 7 2 7 3
    851517 0 3 7 3
    891226 1 3 7 3
    851517 2 3 7 3
    755619 3 3 7 3
    659719 4 3 7 3
    716266 5 3 7 3
    812165 6 3 7 3
    851873 7 3 7 3
    823709 0 4 7 3
    863418 1 4 7 3
    823709 2 4 7 3
    727811 3 4 7 3
    631911 4 4 7 3
    667874 5 4 7 3
    763773 6 4 7 3
    803481 7 4 7 3
    747037 0 5 7 3
    786746 1 5 7 3
    747037 2 5 7 3
    651139 3 5 7 3
    555239 4 5 7 3
    598336 5 5 7 3
    694235 6 5 7 3
    733943 7 5 7 3
    666425 0 6 7 3
    706134 1 6 7 3
    666425 2 6 7 3
    570527 3 6 7 3
    479655 4 6 7 3
    548388 5 6 7 3
    644287 6 6 7 3
    683995 7 6 7 3
    643205 0 7 7 3
    668816 1 7 7 3
    629107 2 7 7 3
    533209 3 7 7 3
    451407 4 7 7 3
    547306 5 7 7 3
    643205 6 7 7 3
    682913 7 7 7 3
    610019 0 0 0 4
    648744 1 0 0 4
    609035 2 0 0 4
    513137 3 0 0 4
    418221 4 0 0 4
    514120 5 0 0 4
    610019 6 0 0 4
    649727 7 0 0 4
    685709 0 1 0 4
    725418 1 1 0 4
    685709 2 1 0 4
    589811 3 1 0 4
    493911 4 1 0 4
    583658 5 1 0 4
    679557 6 1 0 4
    719265 7 1 0 4
    766319 0 2 0 4
    806028 1 2 0 4
    766319 2 2 0 4
    670421 3 2 0 4
    574521 4 2 0 4
    633606 5 2 0 4
    729505 6 2 0 4
    769213 7 2 0 4
    803639 0 3 0 4
    843348 1 3 0 4
    803639 2 3 0 4
    707741 3 3 0 4
    611841 4 3 0 4
    634688 5 3 0 4
    730587 6 3 0 4
    770295 7 3 0 4
    775831 0 4 0 4
    815540 1 4 0 4
    775831 2 4 0 4
    679933 3 4 0 4
    584033 4 4 0 4
    586296 5 4 0 4
    682195 6 4 0 4
    721903 7 4 0 4
    699159 0 5 0 4
    738868 1 5 0 4
    699159 2 5 0 4
    603261 3 5 0 4
    514785 4 5 0 4
    516758 5 5 0 4
    612657 6 5 0 4
    652365 7 5 0 4
    637009 0 6 0 4
    676718 1 6 0 4
    637009 2 6 0 4
    541111 3 6 0 4
    473221 4 6 0 4
    485272 5 6 0 4
    581171 6 6 0 4
    620879 7 6 0 4
    581229 0 7 0 4
    620938 1 7 0 4
    581229 2 7 0 4
    485331 3 7 0 4
    410305 4 7 0 4
    465728 5 7 0 4
    561627 6 7 0 4
    601335 7 7 0 4
    543251 0 0 1 4
    582960 1 0 1 4
    543251 2 0 1 4
    447353 3 0 1 4
    388075 4 0 1 4
    408966 5 0 1 4
    504865 6 0 1 4
    544573 7 0 1 4
    619925 0 1 1 4
    659634 1 1 1 4
    619925 2 1 1 4
    524027 3 1 1 4
    428511 4 1 1 4
    478504 5 1 1 4
    574403 6 1 1 4
    614111 7 1 1 4
    700535 0 2 1 4
    740244 1 2 1 4
    700535 2 2 1 4
    604637 3 2 1 4
    508737 4 2 1 4
    528452 5 2 1 4
    624351 6 2 1 4
    664059 7 2 1 4
    737855 0 3 1 4
    777564 1 3 1 4
    737855 2 3 1 4
    641957 3 3 1 4
    546057 4 3 1 4
    529534 5 3 1 4
    625433 6 3 1 4
    665141 7 3 1 4
    710047 0 4 1 4
    749756 1 4 1 4
    710047 2 4 1 4
    614149 3 4 1 4
    535847 4 4 1 4
    481142 5 4 1 4
    577041 6 4 1 4
    616749 7 4 1 4
    633375 0 5 1 4
    673084 1 5 1 4
    633375 2 5 1 4
    537477 3 5 1 4
    495411 4 5 1 4
    411604 5 5 1 4
    507503 6 5 1 4
    547211 7 5 1 4
    575943 0 6 1 4
    615652 1 6 1 4
    575943 2 6 1 4
    498273 3 6 1 4
    458565 4 6 1 4
    403064 5 6 1 4
    480735 6 6 1 4
    520443 7 6 1 4
    515445 0 7 1 4
    555154 1 7 1 4
    515445 2 7 1 4
    430639 3 7 1 4
    390931 4 7 1 4
    371666 5 7 1 4
    456473 6 7 1 4
    496181 7 7 1 4
    423413 0 0 2 4
    463122 1 0 2 4
    423413 2 0 2 4
    368605 3 0 2 4
    328897 4 0 2 4
    335182 5 0 2 4
    389991 6 0 2 4
    429699 7 0 2 4
    500087 0 1 2 4
    539796 1 1 2 4
    500087 2 1 2 4
    409041 3 1 2 4
    369333 4 1 2 4
    368482 5 1 2 4
    459529 6 1 2 4
    499237 7 1 2 4
    580697 0 2 2 4
    620406 1 2 2 4
    580697 2 2 2 4
    484799 3 2 2 4
    429359 4 2 2 4
    413578 5 2 2 4
    509477 6 2 2 4
    549185 7 2 2 4
    618017 0 3 2 4
    657726 1 3 2 4
    618017 2 3 2 4
    522119 3 3 2 4
    473813 4 3 2 4
    414660 5 3 2 4
    510559 6 3 2 4
    550267 7 3 2 4
    590209 0 4 2 4
    629918 1 4 2 4
    590209 2 4 2 4
    516377 3 4 2 4
    476669 4 4 2 4
    388334 5 4 2 4
    462167 6 4 2 4
    501875 7 4 2 4
    553503 0 5 2 4
    593212 1 5 2 4
    553503 2 5 2 4
    515907 3 5 2 4
    476199 4 5 2 4
    394998 5 5 2 4
    432595 6 5 2 4
    472303 7 5 2 4
    505109 0 6 2 4
    544818 1 6 2 4
    505109 2 6 2 4
    488099 3 6 2 4
    448391 4 6 2 4
    397854 5 6 2 4
    414865 6 6 2 4
    454573 7 6 2 4
    435573 0 7 2 4
    475282 1 7 2 4
    435573 2 7 2 4
    411427 3 7 2 4
    371719 4 7 2 4
    357418 5 7 2 4
    381565 6 7 2 4
    421273 7 7 2 4
    461958 0 0 3 4
    488679 1 0 3 4
    448970 2 0 3 4
    433530 3 0 3 4
    406810 4 0 3 4
    446517 5 0 3 4
    461958 6 0 3 4
    501666 7 0 3 4
    504682 0 1 3 4
    538539 1 1 3 4
    498830 2 1 3 4
    447152 3 1 3 4
    413296 4 1 3 4
    453003 5 1 3 4
    504682 6 1 3 4
    544390 7 1 3 4
    579440 0 2 3 4
    619149 1 2 3 4
    579440 2 2 3 4
    507178 3 2 3 4
    467470 4 2 3 4
    482367 5 2 3 4
    554630 6 2 3 4
    594338 7 2 3 4
    616760 0 3 3 4
    656469 1 3 3 4
    616760 2 3 3 4
    551632 3 3 3 4
    511924 4 3 3 4
    490583 5 3 3 4
    555712 6 3 3 4
    595420 7 3 3 4
    615766 0 4 3 4
    655475 1 4 3 4
    615766 2 4 3 4
    581302 3 4 3 4
    541594 4 4 3 4
    499669 5 4 3 4
    534134 6 4 3 4
    573842 7 4 3 4
    616850 0 5 3 4
    656559 1 5 3 4
    616850 2 5 3 4
    618622 3 5 3 4
    578914 4 5 3 4
    544123 5 5 3 4
    542352 6 5 3 4
    582060 7 5 3 4
    568456 0 6 3 4
    608165 1 6 3 4
    568456 2 6 3 4
    590814 3 6 3 4
    551106 4 6 3 4
    546979 5 6 3 4
    524622 6 6 3 4
    564330 7 6 3 4
    498920 0 7 3 4
    538629 1 7 3 4
    498920 2 7 3 4
    514142 3 7 3 4
    474434 4 7 3 4
    506543 5 7 3 4
    491322 6 7 3 4
    531030 7 7 3 4
    583653 0 0 4 4
    549714 1 0 4 4
    510005 2 0 4 4
    489603 3 0 4 4
    523543 4 0 4 4
    563250 5 0 4 4
    583653 6 0 4 4
    623361 7 0 4 4
    584019 0 1 4 4
    557216 1 1 4 4
    517507 2 1 4 4
    460867 3 1 4 4
    487671 4 1 4 4
    527378 5 1 4 4
    584019 6 1 4 4
    623727 7 1 4 4
    633967 0 2 4 4
    637826 1 2 4 4
    598117 2 2 4 4
    520893 3 2 4 4
    517035 4 2 4 4
    556742 5 2 4 4
    633967 6 2 4 4
    673675 7 2 4 4
    635437 0 3 4 4
    675146 1 3 4 4
    635437 2 3 4 4
    565347 3 3 4 4
    525639 4 3 4 4
    564958 5 3 4 4
    635049 6 3 4 4
    674757 7 3 4 4
    676801 0 4 4 4
    716510 1 4 4 4
    676801 2 4 4 4
    637375 3 4 4 4
    597667 4 4 4 4
    616402 5 4 4 4
    655829 6 4 4 4
    695537 7 4 4 4
    677885 0 5 4 4
    717594 1 5 4 4
    677885 2 5 4 4
    674695 3 5 4 4
    634987 4 5 4 4
    660856 5 5 4 4
    664047 6 5 4 4
    703755 7 5 4 4
    646317 0 6 4 4
    669200 1 6 4 4
    629491 2 6 4 4
    646887 3 6 4 4
    624005 4 6 4 4
    663712 5 6 4 4
    646317 6 6 4 4
    686025 7 6 4 4
    613017 0 7 4 4
    599664 1 7 4 4
    559955 2 7 4 4
    570215 3 7 4 4
    583569 4 7 4 4
    623276 5 7 4 4
    613017 6 7 4 4
    652725 7 7 4 4
    630063 0 0 5 4
    556756 1 0 5 4
    517047 2 0 5 4
    450233 3 0 5 4
    523541 4 0 5 4
    563248 5 0 5 4
    630063 6 0 5 4
    669771 7 0 5 4
    635145 0 1 5 4
    568974 1 1 5 4
    529265 2 1 5 4
    433367 3 1 5 4
    492385 4 1 5 4
    539246 5 1 5 4
    635145 6 1 5 4
    674853 7 1 5 4
    685093 0 2 5 4
    649584 1 2 5 4
    609875 2 2 5 4
    513977 3 2 5 4
    521749 4 2 5 4
    589194 5 2 5 4
    685093 6 2 5 4
    724801 7 2 5 4
    686175 0 3 5 4
    686904 1 3 5 4
    647195 2 3 5 4
    551297 3 3 5 4
    529965 4 3 5 4
    590276 5 3 5 4
    686175 6 3 5 4
    725883 7 3 5 4
    702239 0 4 5 4
    723552 1 4 5 4
    683843 2 4 5 4
    598005 3 4 5 4
    576693 4 4 5 4
    616400 5 4 5 4
    702239 6 4 5 4
    741947 7 4 5 4
    710457 0 5 5 4
    724636 1 5 5 4
    684927 2 5 5 4
    635325 3 5 5 4
    621147 4 5 5 4
    660854 5 5 5 4
    710457 6 5 5 4
    750165 7 5 5 4
    692727 0 6 5 4
    676242 1 6 5 4
    636533 2 6 5 4
    607517 3 6 5 4
    624003 4 6 5 4
    663710 5 6 5 4
    692727 6 6 5 4
    732435 7 6 5 4
    659427 0 7 5 4
    606706 1 7 5 4
    566997 2 7 5 4
    530845 3 7 5 4
    583567 4 7 5 4
    623274 5 7 5 4
    659427 6 7 5 4
    699135 7 7 5 4
    581459 0 0 6 4
    513114 1 0 6 4
    473405 2 0 6 4
    377507 3 0 6 4
    414279 4 0 6 4
    485560 5 0 6 4
    581459 6 0 6 4
    621167 7 0 6 4
    635547 0 1 6 4
    574338 1 1 6 4
    534629 2 1 6 4
    438731 3 1 6 4
    443749 4 1 6 4
    539648 5 1 6 4
    635547 6 1 6 4
    675255 7 1 6 4
    685495 0 2 6 4
    654948 1 2 6 4
    615239 2 2 6 4
    519341 3 2 6 4
    493697 4 2 6 4
    589596 5 2 6 4
    685495 6 2 6 4
    725203 7 2 6 4
    686577 0 3 6 4
    692268 1 3 6 4
    652559 2 3 6 4
    556661 3 3 6 4
    494779 4 3 6 4
    590678 5 3 6 4
    686577 6 3 6 4
    726285 7 3 6 4
    653635 0 4 6 4
    679910 1 4 6 4
    640201 2 4 6 4
    544303 3 4 6 4
    467431 4 4 6 4
    557736 5 4 6 4
    653635 6 4 6 4
    693343 7 4 6 4
    661853 0 5 6 4
    680994 1 5 6 4
    641285 2 5 6 4
    545387 3 5 6 4
    511885 4 5 6 4
    565954 5 5 6 4
    661853 6 5 6 4
    701561 7 5 6 4
    644123 0 6 6 4
    632600 1 6 6 4
    592891 2 6 6 4
    503217 3 6 6 4
    514741 4 6 6 4
    554448 5 6 6 4
    644123 6 6 6 4
    683831 7 6 6 4
    610823 0 7 6 4
    563064 1 7 6 4
    523355 2 7 6 4
    427457 3 7 6 4
    474305 4 7 6 4
    514924 5 7 6 4
    610823 6 7 6 4
    650531 7 7 6 4
    635328 0 0 7 4
    613395 1 0 7 4
    573686 2 0 7 4
    477788 3 0 7 4
    443530 4 0 7 4
    539429 5 0 7 4
    635328 6 0 7 4
    675036 7 0 7 4
    704866 0 1 7 4
    690069 1 1 7 4
    650360 2 1 7 4
    554462 3 1 7 4
    513068 4 1 7 4
    608967 5 1 7 4
    704866 6 1 7 4
    744574 7 1 7 4
    754814 0 2 7 4
    770679 1 2 7 4
    730970 2 2 7 4
    635072 3 2 7 4
    563016 4 2 7 4
    658915 5 2 7 4
    754814 6 2 7 4
    794522 7 2 7 4
    768290 0 3 7 4
    807999 1 3 7 4
    768290 2 3 7 4
    672392 3 3 7 4
    576492 4 3 7 4
    659997 5 3 7 4
    755896 6 3 7 4
    795604 7 3 7 4
    740482 0 4 7 4
    780191 1 4 7 4
    740482 2 4 7 4
    644584 3 4 7 4
    548684 4 4 7 4
    611605 5 4 7 4
    707504 6 4 7 4
    747212 7 4 7 4
    692414 0 5 7 4
    732123 1 5 7 4
    692414 2 5 7 4
    596516 3 5 7 4
    503076 4 5 7 4
    570671 5 5 7 4
    666570 6 5 7 4
    706278 7 5 7 4
    648840 0 6 7 4
    683729 1 6 7 4
    644020 2 6 7 4
    548122 3 6 7 4
    480088 4 6 7 4
    552941 5 6 7 4
    648840 6 6 7 4
    688548 7 6 7 4
    615540 0 7 7 4
    614193 1 7 7 4
    574484 2 7 7 4
    478586 3 7 7 4
    439652 4 7 7 4
    519641 5 7 7 4
    615540 6 7 7 4
    655248 7 7 7 4
    531680 0 0 0 5
    538607 1 0 0 5
    498898 2 0 0 5
    403000 3 0 0 5
    339882 4 0 0 5
    435781 5 0 0 5
    531680 6 0 0 5
    571388 7 0 0 5
    574854 0 1 0 5
    588917 1 1 0 5
    549208 2 1 0 5
    453310 3 1 0 5
    383056 4 1 0 5
    478955 5 1 0 5
    574854 6 1 0 5
    614562 7 1 0 5
    629818 0 2 0 5
    669527 1 2 0 5
    629818 2 2 0 5
    533920 3 2 0 5
    438020 4 2 0 5
    528903 5 2 0 5
    624802 6 2 0 5
    664510 7 2 0 5
    667138 0 3 0 5
    706847 1 3 0 5
    667138 2 3 0 5
    571240 3 3 0 5
    475340 4 3 0 5
    529985 5 3 0 5
    625884 6 3 0 5
    665592 7 3 0 5
    665694 0 4 0 5
    705403 1 4 0 5
    665694 2 4 0 5
    569796 3 4 0 5
    473896 4 4 0 5
    507957 5 4 0 5
    603856 6 4 0 5
    643564 7 4 0 5
    666778 0 5 0 5
    706487 1 5 0 5
    666778 2 5 0 5
    570880 3 5 0 5
    476072 4 5 0 5
    516175 5 5 0 5
    612074 6 5 0 5
    651782 7 5 0 5
    618384 0 6 0 5
    658093 1 6 0 5
    618384 2 6 0 5
    522486 3 6 0 5
    448264 4 6 0 5
    498445 5 6 0 5
    594344 6 6 0 5
    634052 7 6 0 5
    561044 0 7 0 5
    588557 1 7 0 5
    548848 2 7 0 5
    452950 3 7 0 5
    383788 4 7 0 5
    465145 5 7 0 5
    561044 6 7 0 5
    600752 7 7 0 5
    437832 0 0 1 5
    477541 1 0 1 5
    437832 2 0 1 5
    341934 3 0 1 5
    276324 4 0 1 5
    335345 5 0 1 5
    431244 6 0 1 5
    470952 7 0 1 5
    483424 0 1 1 5
    523133 1 1 1 5
    483424 2 1 1 5
    387526 3 1 1 5
    291626 4 1 1 5
    373801 5 1 1 5
    469700 6 1 1 5
    509408 7 1 1 5
    564034 0 2 1 5
    603743 1 2 1 5
    564034 2 2 1 5
    468136 3 2 1 5
    372236 4 2 1 5
    423749 5 2 1 5
    519648 6 2 1 5
    559356 7 2 1 5
    601354 0 3 1 5
    641063 1 3 1 5
    601354 2 3 1 5
    505456 3 3 1 5
    409556 4 3 1 5
    424831 5 3 1 5
    520730 6 3 1 5
    560438 7 3 1 5
    604628 0 4 1 5
    644337 1 4 1 5
    604628 2 4 1 5
    508730 3 4 1 5
    424096 4 4 1 5
    407521 5 4 1 5
    503420 6 4 1 5
    543128 7 4 1 5
    605712 0 5 1 5
    645421 1 5 1 5
    605712 2 5 1 5
    509814 3 5 1 5
    461416 4 5 1 5
    415739 5 5 1 5
    511638 6 5 1 5
    551346 7 5 1 5
    557318 0 6 1 5
    597027 1 6 1 5
    557318 2 6 1 5
    473316 3 6 1 5
    433608 4 6 1 5
    409905 5 6 1 5
    493908 6 6 1 5
    533616 7 6 1 5
    487782 0 7 1 5
    527491 1 7 1 5
    487782 2 7 1 5
    396644 3 7 1 5
    356936 4 7 1 5
    369469 5 7 1 5
    460608 6 7 1 5
    500316 7 7 1 5
    372536 0 0 2 5
    412245 1 0 2 5
    372536 2 0 2 5
    311396 3 0 2 5
    271688 4 0 2 5
    309771 5 0 2 5
    370912 6 0 2 5
    410620 7 0 2 5
    371456 0 1 2 5
    411165 1 1 2 5
    371456 2 1 2 5
    275558 3 1 2 5
    234370 4 1 2 5
    266797 5 1 2 5
    362696 6 1 2 5
    402404 7 1 2 5
    449734 0 2 2 5
    489443 1 2 2 5
    449734 2 2 2 5
    353836 3 2 2 5
    292064 4 2 2 5
    314413 5 2 2 5
    410312 6 2 2 5
    450020 7 2 2 5
    489386 0 3 2 5
    529095 1 3 2 5
    489386 2 3 2 5
    393488 3 3 2 5
    338850 4 3 2 5
    317827 5 3 2 5
    413726 6 3 2 5
    453434 7 3 2 5
    539332 0 4 2 5
    579041 1 4 2 5
    539332 2 4 2 5
    459168 3 4 2 5
    419460 4 4 2 5
    362923 5 4 2 5
    443088 6 4 2 5
    482796 7 4 2 5
    540416 0 5 2 5
    580125 1 5 2 5
    540416 2 5 2 5
    496488 3 5 2 5
    456780 4 5 2 5
    407377 5 5 2 5
    451306 6 5 2 5
    491014 7 5 2 5
    492022 0 6 2 5
    531731 1 6 2 5
    492022 2 6 2 5
    468680 3 6 2 5
    428972 4 6 2 5
    410233 5 6 2 5
    433576 6 6 2 5
    473284 7 6 2 5
    422486 0 7 2 5
    462195 1 7 2 5
    422486 2 7 2 5
    392008 3 7 2 5
    352300 4 7 2 5
    369797 5 7 2 5
    400276 6 7 2 5
    439984 7 7 2 5
    484923 0 0 3 5
    479846 1 0 3 5
    440137 2 0 3 5
    418365 3 0 3 5
    423443 4 0 3 5
    463150 5 0 3 5
    484923 6 0 3 5
    524631 7 0 3 5
    476707 0 1 3 5
    478766 1 1 3 5
    439057 2 1 3 5
    381047 3 1 3 5
    378989 4 1 3 5
    418696 5 1 3 5
    476707 6 1 3 5
    516415 7 1 3 5
    494435 0 2 3 5
    527156 1 2 3 5
    487447 2 2 3 5
    408853 3 2 3 5
    376133 4 2 3 5
    415840 5 2 3 5
    494435 6 2 3 5
    534143 7 2 3 5
    556987 0 3 3 5
    596696 1 3 3 5
    556987 2 3 3 5
    485527 3 3 3 5
    445819 4 3 3 5
    456276 5 3 3 5
    527737 6 3 3 5
    567445 7 3 3 5
    606933 0 4 3 5
    646642 1 4 3 5
    606933 2 4 3 5
    566137 3 4 3 5
    526429 4 4 3 5
    516302 5 4 3 5
    557099 6 4 3 5
    596807 7 4 3 5
    608017 0 5 3 5
    647726 1 5 3 5
    608017 2 5 3 5
    603457 3 5 3 5
    563749 4 5 3 5
    560756 5 5 3 5
    565317 6 5 3 5
    605025 7 5 3 5
    559623 0 6 3 5
    599332 1 6 3 5
    559623 2 6 3 5
    575649 3 6 3 5
    535941 4 6 3 5
    563612 5 6 3 5
    547587 6 6 3 5
    587295 7 6 3 5
    514287 0 7 3 5
    529796 1 7 3 5
    490087 2 7 3 5
    498977 3 7 3 5
    483469 4 7 3 5
    523176 5 7 3 5
    514287 6 7 3 5
    553995 7 7 3 5
    606618 0 0 4 5
    540881 1 0 4 5
    501172 2 0 4 5
    474438 3 0 4 5
    540176 4 0 4 5
    579883 5 0 4 5
    606618 6 0 4 5
    646326 7 0 4 5
    598402 0 1 4 5
    539801 1 1 4 5
    500092 2 1 4 5
    437120 3 1 4 5
    495722 4 1 4 5
    535429 5 1 4 5
    598402 6 1 4 5
    638110 7 1 4 5
    616130 0 2 4 5
    588191 1 2 4 5
    548482 2 2 4 5
    464926 3 2 4 5
    492866 4 2 4 5
    532573 5 2 4 5
    616130 6 2 4 5
    655838 7 2 4 5
    649432 0 3 4 5
    657731 1 3 4 5
    618022 2 3 4 5
    541600 3 3 4 5
    533302 4 3 4 5
    573009 5 3 4 5
    649432 6 3 4 5
    689140 7 3 4 5
    678794 0 4 4 5
    707677 1 4 4 5
    667968 2 4 4 5
    622210 3 4 4 5
    593328 4 4 4 5
    633035 5 4 4 5
    678794 6 4 4 5
    718502 7 4 4 5
    687012 0 5 4 5
    708761 1 5 4 5
    669052 2 5 4 5
    659530 3 5 4 5
    637782 4 5 4 5
    677489 5 5 4 5
    687012 6 5 4 5
    726720 7 5 4 5
    669282 0 6 4 5
    660367 1 6 4 5
    620658 2 6 4 5
    631722 3 6 4 5
    640638 4 6 4 5
    680345 5 6 4 5
    669282 6 6 4 5
    708990 7 6 4 5
    635982 0 7 4 5
    590831 1 7 4 5
    551122 2 7 4 5
    555050 3 7 4 5
    600202 4 7 4 5
    639909 5 7 4 5
    635982 6 7 4 5
    675690 7 7 4 5
    653028 0 0 5 5
    557129 1 0 5 5
    508214 2 0 5 5
    444274 3 0 5 5
    540174 4 0 5 5
    579881 5 0 5 5
    653028 6 0 5 5
    692736 7 0 5 5
    644812 0 1 5 5
    548913 1 1 5 5
    507134 2 1 5 5
    413306 3 1 5 5
    495720 4 1 5 5
    548913 5 1 5 5
    644812 6 1 5 5
    684520 7 1 5 5
    662540 0 2 5 5
    595233 1 2 5 5
    555524 2 2 5 5
    459626 3 2 5 5
    492864 4 2 5 5
    566641 5 2 5 5
    662540 6 2 5 5
    702248 7 2 5 5
    695842 0 3 5 5
    664773 1 3 5 5
    625064 2 3 5 5
    529166 3 3 5 5
    533300 4 3 5 5
    599943 5 3 5 5
    695842 6 3 5 5
    735550 7 3 5 5
    725204 0 4 5 5
    714719 1 4 5 5
    675010 2 4 5 5
    582840 3 4 5 5
    593326 4 4 5 5
    633033 5 4 5 5
    725204 6 4 5 5
    764912 7 4 5 5
    733422 0 5 5 5
    715803 1 5 5 5
    676094 2 5 5 5
    620160 3 5 5 5
    637780 4 5 5 5
    677487 5 5 5 5
    733422 6 5 5 5
    773130 7 5 5 5
    715692 0 6 5 5
    667409 1 6 5 5
    627700 2 6 5 5
    592352 3 6 5 5
    640636 4 6 5 5
    680343 5 6 5 5
    715692 6 6 5 5
    755400 7 6 5 5
    682392 0 7 5 5
    597873 1 7 5 5
    558164 2 7 5 5
    515680 3 7 5 5
    600200 4 7 5 5
    639907 5 7 5 5
    682392 6 7 5 5
    722100 7 7 5 5
    597014 0 0 6 5
    501115 1 0 6 5
    457162 2 0 6 5
    365508 3 0 6 5
    423502 4 0 6 5
    501115 5 0 6 5
    597014 6 0 6 5
    636722 7 0 6 5
    588798 0 1 6 5
    495791 1 1 6 5
    456082 2 1 6 5
    360184 3 1 6 5
    397000 4 1 6 5
    492899 5 1 6 5
    588798 6 1 6 5
    628506 7 1 6 5
    606526 0 2 6 5
    544181 1 2 6 5
    504472 2 2 6 5
    408574 3 2 6 5
    414728 4 2 6 5
    510627 5 2 6 5
    606526 6 2 6 5
    646234 7 2 6 5
    639828 0 3 6 5
    613721 1 3 6 5
    574012 2 3 6 5
    478114 3 3 6 5
    448030 4 3 6 5
    543929 5 3 6 5
    639828 6 3 6 5
    679536 7 3 6 5
    669190 0 4 6 5
    663667 1 4 6 5
    623958 2 4 6 5
    528060 3 4 6 5
    477392 4 4 6 5
    573291 5 4 6 5
    669190 6 4 6 5
    708898 7 4 6 5
    677408 0 5 6 5
    664751 1 5 6 5
    625042 2 5 6 5
    529144 3 5 6 5
    521108 4 5 6 5
    581509 5 5 6 5
    677408 6 5 6 5
    717116 7 5 6 5
    659678 0 6 6 5
    616357 1 6 6 5
    576648 2 6 6 5
    480750 3 6 6 5
    523964 4 6 6 5
    563779 5 6 6 5
    659678 6 6 6 5
    699386 7 6 6 5
    626378 0 7 6 5
    546821 1 7 6 5
    507112 2 7 6 5
    411214 3 7 6 5
    483528 4 7 6 5
    530479 5 7 6 5
    626378 6 7 6 5
    666086 7 7 6 5
    599349 0 0 7 5
    545618 1 0 7 5
    505909 2 0 7 5
    410011 3 0 7 5
    407551 4 0 7 5
    503450 5 0 7 5
    599349 6 0 7 5
    639057 7 0 7 5
    600163 0 1 7 5
    553568 1 1 7 5
    513859 2 1 7 5
    417961 3 1 7 5
    408365 4 1 7 5
    504264 5 1 7 5
    600163 6 1 7 5
    639871 7 1 7 5
    650111 0 2 7 5
    634178 1 2 7 5
    594469 2 2 7 5
    498571 3 2 7 5
    458313 4 2 7 5
    554212 5 2 7 5
    650111 6 2 7 5
    689819 7 2 7 5
    651193 0 3 7 5
    671498 1 3 7 5
    631789 2 3 7 5
    535891 3 3 7 5
    459395 4 3 7 5
    555294 5 3 7 5
    651193 6 3 7 5
    690901 7 3 7 5
    672705 0 4 7 5
    712414 1 4 7 5
    672705 2 4 7 5
    576807 3 4 7 5
    480907 4 4 7 5
    575626 5 4 7 5
    671525 6 4 7 5
    711233 7 4 7 5
    679743 0 5 7 5
    713498 1 5 7 5
    673789 2 5 7 5
    577891 3 5 7 5
    487945 4 5 7 5
    583844 5 5 7 5
    679743 6 5 7 5
    719451 7 5 7 5
    662013 0 6 7 5
    665104 1 6 7 5
    625395 2 6 7 5
    529497 3 6 7 5
    486929 4 6 7 5
    566114 5 6 7 5
    662013 6 6 7 5
    701721 7 6 7 5
    628713 0 7 7 5
    595568 1 7 7 5
    555859 2 7 7 5
    459961 3 7 7 5
    446493 4 7 7 5
    532814 5 7 7 5
    628713 6 7 7 5
    668421 7 7 7 5
    501677 0 0 0 6
    490586 1 0 0 6
    450877 2 0 0 6
    354979 3 0 0 6
    309879 4 0 0 6
    405778 5 0 0 6
    501677 6 0 0 6
    541385 7 0 0 6
    495275 0 1 0 6
    491320 1 1 0 6
    451611 2 1 0 6
    355713 3 1 0 6
    303477 4 1 0 6
    399376 5 1 0 6
    495275 6 1 0 6
    534983 7 1 0 6
    545223 0 2 0 6
    571930 1 2 0 6
    532221 2 2 0 6
    436323 3 2 0 6
    353425 4 2 0 6
    449324 5 2 0 6
    545223 6 2 0 6
    584931 7 2 0 6
    569541 0 3 0 6
    609250 1 3 0 6
    569541 2 3 0 6
    473643 3 3 0 6
    377743 4 3 0 6
    450406 5 3 0 6
    546305 6 3 0 6
    586013 7 3 0 6
    614115 0 4 0 6
    653824 1 4 0 6
    614115 2 4 0 6
    518217 3 4 0 6
    422317 4 4 0 6
    474396 5 4 0 6
    570295 6 4 0 6
    610003 7 4 0 6
    615199 0 5 0 6
    654908 1 5 0 6
    615199 2 5 0 6
    519301 3 5 0 6
    423401 4 5 0 6
    482614 5 5 0 6
    578513 6 5 0 6
    618221 7 5 0 6
    566805 0 6 0 6
    606514 1 6 0 6
    566805 2 6 0 6
    470907 3 6 0 6
    375007 4 6 0 6
    464884 5 6 0 6
    560783 6 6 0 6
    600491 7 6 0 6
    527483 0 7 0 6
    536978 1 7 0 6
    497269 2 7 0 6
    401371 3 7 0 6
    335685 4 7 0 6
    431584 5 7 0 6
    527483 6 7 0 6
    567191 7 7 0 6
    397683 0 0 1 6
    425962 1 0 1 6
    386253 2 0 1 6
    290355 3 0 1 6
    209219 4 0 1 6
    301784 5 0 1 6
    397683 6 0 1 6
    437391 7 0 1 6
    390121 0 1 1 6
    425536 1 1 1 6
    385827 2 1 1 6
    289929 3 1 1 6
    198323 4 1 1 6
    294222 5 1 1 6
    390121 6 1 1 6
    429829 7 1 1 6
    466437 0 2 1 6
    506146 1 2 1 6
    466437 2 2 1 6
    370539 3 2 1 6
    274639 4 2 1 6
    344170 5 2 1 6
    440069 6 2 1 6
    479777 7 2 1 6
    503757 0 3 1 6
    543466 1 3 1 6
    503757 2 3 1 6
    407859 3 3 1 6
    311959 4 3 1 6
    345252 5 3 1 6
    441151 6 3 1 6
    480859 7 3 1 6
    553049 0 4 1 6
    592758 1 4 1 6
    553049 2 4 1 6
    457151 3 4 1 6
    361251 4 4 1 6
    373960 5 4 1 6
    469859 6 4 1 6
    509567 7 4 1 6
    554133 0 5 1 6
    593842 1 5 1 6
    554133 2 5 1 6
    458235 3 5 1 6
    382881 4 5 1 6
    382178 5 5 1 6
    478077 6 5 1 6
    517785 7 5 1 6
    505739 0 6 1 6
    545448 1 6 1 6
    505739 2 6 1 6
    409841 3 6 1 6
    355073 4 6 1 6
    364448 5 6 1 6
    460347 6 6 1 6
    500055 7 6 1 6
    436203 0 7 1 6
    475912 1 7 1 6
    436203 2 7 1 6
    340305 3 7 1 6
    278401 4 7 1 6
    331148 5 7 1 6
    427047 6 7 1 6
    466755 7 7 1 6
    341815 0 0 2 6
    365130 1 0 2 6
    325421 2 0 2 6
    237325 3 0 2 6
    214011 4 0 2 6
    253718 5 0 2 6
    341815 6 0 2 6
    381523 7 0 2 6
    333599 0 1 2 6
    364050 1 1 2 6
    324341 2 1 2 6
    228443 3 1 2 6
    169557 4 1 2 6
    237700 5 1 2 6
    333599 6 1 2 6
    373307 7 1 2 6
    372731 0 2 2 6
    412440 1 2 2 6
    372731 2 2 2 6
    276833 3 2 2 6
    188105 4 2 2 6
    255428 5 2 2 6
    351327 6 2 2 6
    391035 7 2 2 6
    442271 0 3 2 6
    481980 1 3 2 6
    442271 2 3 2 6
    346373 3 3 2 6
    264779 4 3 2 6
    288730 5 3 2 6
    384629 6 3 2 6
    424337 7 3 2 6
    492217 0 4 2 6
    531926 1 4 2 6
    492217 2 4 2 6
    396319 3 4 2 6
    345389 4 4 2 6
    318092 5 4 2 6
    413991 6 4 2 6
    453699 7 4 2 6
    493301 0 5 2 6
    533010 1 5 2 6
    493301 2 5 2 6
    422417 3 5 2 6
    382709 4 5 2 6
    351324 5 5 2 6
    422209 6 5 2 6
    461917 7 5 2 6
    444907 0 6 2 6
    484616 1 6 2 6
    444907 2 6 2 6
    394609 3 6 2 6
    354901 4 6 2 6
    354180 5 6 2 6
    404479 6 6 2 6
    444187 7 6 2 6
    375371 0 7 2 6
    415080 1 7 2 6
    375371 2 7 2 6
    317937 3 7 2 6
    278229 4 7 2 6
    313744 5 7 2 6
    371179 6 7 2 6
    410887 7 7 2 6
    460520 0 0 3 6
    437425 1 0 3 6
    397716 2 0 3 6
    348988 3 0 3 6
    372084 4 0 3 6
    411791 5 0 3 6
    460520 6 0 3 6
    500228 7 0 3 6
    452304 0 1 3 6
    436345 1 1 3 6
    396636 2 1 3 6
    311670 3 1 3 6
    327630 4 1 3 6
    367337 5 1 3 6
    452304 6 1 3 6
    492012 7 1 3 6
    470032 0 2 3 6
    484735 1 2 3 6
    445026 2 2 3 6
    349128 3 2 3 6
    324774 4 2 3 6
    374133 5 2 3 6
    470032 6 2 3 6
    509740 7 2 3 6
    514566 0 3 3 6
    554275 1 3 3 6
    514566 2 3 3 6
    418668 3 3 3 6
    376442 4 3 3 6
    407435 5 3 3 6
    503334 6 3 3 6
    543042 7 3 3 6
    564512 0 4 3 6
    604221 1 4 3 6
    564512 2 4 3 6
    496760 3 4 3 6
    457052 4 4 3 6
    464943 5 4 3 6
    532696 6 4 3 6
    572404 7 4 3 6
    565596 0 5 3 6
    605305 1 5 3 6
    565596 2 5 3 6
    534080 3 5 3 6
    494372 4 5 3 6
    509397 5 5 3 6
    540914 6 5 3 6
    580622 7 5 3 6
    523184 0 6 3 6
    556911 1 6 3 6
    517202 2 6 3 6
    506272 3 6 3 6
    472546 4 6 3 6
    512253 5 6 3 6
    523184 6 6 3 6
    562892 7 6 3 6
    489884 0 7 3 6
    487375 1 7 3 6
    447666 2 7 3 6
    429600 3 7 3 6
    432110 4 7 3 6
    471817 5 7 3 6
    489884 6 7 3 6
    529592 7 7 3 6
    582215 0 0 4 6
    498460 1 0 4 6
    458751 2 0 4 6
    405061 3 0 4 6
    488817 4 0 4 6
    528524 5 0 4 6
    582215 6 0 4 6
    621923 7 0 4 6
    573999 0 1 4 6
    497380 1 1 4 6
    457671 2 1 4 6
    367743 3 1 4 6
    444363 4 1 4 6
    484070 5 1 4 6
    573999 6 1 4 6
    613707 7 1 4 6
    591727 0 2 4 6
    545770 1 2 4 6
    506061 2 2 4 6
    410163 3 2 4 6
    441507 4 2 4 6
    495828 5 2 4 6
    591727 6 2 4 6
    631435 7 2 4 6
    625029 0 3 4 6
    615310 1 3 4 6
    575601 2 3 4 6
    479703 3 3 4 6
    481943 4 3 4 6
    529130 5 3 4 6
    625029 6 3 4 6
    664737 7 3 4 6
    654391 0 4 4 6
    665256 1 4 4 6
    625547 2 4 4 6
    552833 3 4 4 6
    541969 4 4 4 6
    581676 5 4 4 6
    654391 6 4 4 6
    694099 7 4 4 6
    662609 0 5 4 6
    666340 1 5 4 6
    626631 2 5 4 6
    590153 3 5 4 6
    586423 4 5 4 6
    626130 5 5 4 6
    662609 6 5 4 6
    702317 7 5 4 6
    644879 0 6 4 6
    617946 1 6 4 6
    578237 2 6 4 6
    562345 3 6 4 6
    589279 4 6 4 6
    628986 5 6 4 6
    644879 6 6 4 6
    684587 7 6 4 6
    611579 0 7 4 6
    548410 1 7 4 6
    508701 2 7 4 6
    485673 3 7 4 6
    548843 4 7 4 6
    588550 5 7 4 6
    611579 6 7 4 6
    651287 7 7 4 6
    643545 0 0 5 6
    547646 1 0 5 6
    480713 2 0 5 6
    412039 3 0 5 6
    503735 4 0 5 6
    547646 5 0 5 6
    643545 6 0 5 6
    683253 7 0 5 6
    620409 0 1 5 6
    524510 1 1 5 6
    464713 2 1 5 6
    388903 3 1 5 6
    444361 4 1 5 6
    524510 5 1 5 6
    620409 6 1 5 6
    660117 7 1 5 6
    638137 0 2 5 6
    552812 1 2 5 6
    513103 2 2 5 6
    417205 3 2 5 6
    446339 4 2 5 6
    542238 5 2 5 6
    638137 6 2 5 6
    677845 7 2 5 6
    671439 0 3 5 6
    622352 1 3 5 6
    582643 2 3 5 6
    486745 3 3 5 6
    481941 4 3 5 6
    575540 5 3 5 6
    671439 6 3 5 6
    711147 7 3 5 6
    700801 0 4 5 6
    672298 1 4 5 6
    632589 2 4 5 6
    536691 3 4 5 6
    541967 4 4 5 6
    604902 5 4 5 6
    700801 6 4 5 6
    740509 7 4 5 6
    709019 0 5 5 6
    673382 1 5 5 6
    633673 2 5 5 6
    550783 3 5 5 6
    586421 4 5 5 6
    626128 5 5 5 6
    709019 6 5 5 6
    748727 7 5 5 6
    691289 0 6 5 6
    624988 1 6 5 6
    585279 2 6 5 6
    522975 3 6 5 6
    589277 4 6 5 6
    628984 5 6 5 6
    691289 6 6 5 6
    730997 7 6 5 6
    657989 0 7 5 6
    562090 1 7 5 6
    515743 2 7 5 6
    452941 3 7 5 6
    548841 4 7 5 6
    588548 5 7 5 6
    657989 6 7 5 6
    697697 7 7 5 6
    629891 0 0 6 6
    533992 1 0 6 6
    472021 2 0 6 6
    398385 3 0 6 6
    438093 4 0 6 6
    533992 5 0 6 6
    629891 6 0 6 6
    669599 7 0 6 6
    589455 0 1 6 6
    493556 1 1 6 6
    438721 2 1 6 6
    357949 3 1 6 6
    397657 4 1 6 6
    493556 5 1 6 6
    589455 6 1 6 6
    629163 7 1 6 6
    582123 0 2 6 6
    501760 1 2 6 6
    462051 2 2 6 6
    366153 3 2 6 6
    390325 4 2 6 6
    486224 5 2 6 6
    582123 6 2 6 6
    621831 7 2 6 6
    615425 0 3 6 6
    571300 1 3 6 6
    531591 2 3 6 6
    435693 3 3 6 6
    423627 4 3 6 6
    519526 5 3 6 6
    615425 6 3 6 6
    655133 7 3 6 6
    644787 0 4 6 6
    621246 1 4 6 6
    581537 2 4 6 6
    485639 3 4 6 6
    452989 4 4 6 6
    548888 5 4 6 6
    644787 6 4 6 6
    684495 7 4 6 6
    653005 0 5 6 6
    622330 1 5 6 6
    582621 2 5 6 6
    486723 3 5 6 6
    469749 4 5 6 6
    557106 5 5 6 6
    653005 6 5 6 6
    692713 7 5 6 6
    635275 0 6 6 6
    573936 1 6 6 6
    534227 2 6 6 6
    438329 3 6 6 6
    472605 4 6 6 6
    539376 5 6 6 6
    635275 6 6 6 6
    674983 7 6 6 6
    627035 0 7 6 6
    531136 1 7 6 6
    489751 2 7 6 6
    395529 3 7 6 6
    457229 4 7 6 6
    531136 5 7 6 6
    627035 6 7 6 6
    666743 7 7 6 6
    618350 0 0 7 6
    546601 1 0 7 6
    506892 2 0 7 6
    410994 3 0 7 6
    426552 4 0 7 6
    522451 5 0 7 6
    618350 6 0 7 6
    658058 7 0 7 6
    577914 0 1 7 6
    513301 1 1 7 6
    473592 2 1 7 6
    377694 3 1 7 6
    386116 4 1 7 6
    482015 5 1 7 6
    577914 6 1 7 6
    617622 7 1 7 6
    575300 0 2 7 6
    541349 1 2 7 6
    501640 2 2 7 6
    405742 3 2 7 6
    383502 4 2 7 6
    479401 5 2 7 6
    575300 6 2 7 6
    615008 7 2 7 6
    608602 0 3 7 6
    610889 1 3 7 6
    571180 2 3 7 6
    475282 3 3 7 6
    416804 4 3 7 6
    512703 5 3 7 6
    608602 6 3 7 6
    648310 7 3 7 6
    637964 0 4 7 6
    660835 1 4 7 6
    621126 2 4 7 6
    525228 3 4 7 6
    446166 4 4 7 6
    542065 5 4 7 6
    637964 6 4 7 6
    677672 7 4 7 6
    646182 0 5 7 6
    661919 1 5 7 6
    622210 2 5 7 6
    526312 3 5 7 6
    454384 4 5 7 6
    550283 5 5 7 6
    646182 6 5 7 6
    685890 7 5 7 6
    628452 0 6 7 6
    613525 1 6 7 6
    573816 2 6 7 6
    477918 3 6 7 6
    436654 4 6 7 6
    532553 5 6 7 6
    628452 6 6 7 6
    668160 7 6 7 6
    615494 0 7 7 6
    564331 1 7 7 6
    524622 2 7 7 6
    428724 3 7 7 6
    423696 4 7 7 6
    519595 5 7 7 6
    615494 6 7 7 6
    655202 7 7 7 6
    510466 0 0 0 7
    505707 1 0 0 7
    465998 2 0 0 7
    370100 3 0 0 7
    318668 4 0 0 7
    414567 5 0 0 7
    510466 6 0 0 7
    550174 7 0 0 7
    528238 0 1 0 7
    530615 1 1 0 7
    490906 2 1 0 7
    395008 3 1 0 7
    336440 4 1 0 7
    432339 5 1 0 7
    528238 6 1 0 7
    567946 7 1 0 7
    500432 0 2 0 7
    533471 1 2 0 7
    493762 2 2 0 7
    397864 3 2 0 7
    308634 4 2 0 7
    404533 5 2 0 7
    500432 6 2 0 7
    540140 7 2 0 7
    519624 0 3 0 7
    559333 1 3 0 7
    519624 2 3 0 7
    423726 3 3 0 7
    327826 4 3 0 7
    394157 5 3 0 7
    490056 6 3 0 7
    529764 7 3 0 7
    511362 0 4 0 7
    551071 1 4 0 7
    511362 2 4 0 7
    415464 3 4 0 7
    319564 4 4 0 7
    365311 5 4 0 7
    461210 6 4 0 7
    500918 7 4 0 7
    512446 0 5 0 7
    552155 1 5 0 7
    512446 2 5 0 7
    416548 3 5 0 7
    320648 4 5 0 7
    373529 5 5 0 7
    469428 6 5 0 7
    509136 7 5 0 7
    475510 0 6 0 7
    515219 1 6 0 7
    475510 2 6 0 7
    379612 3 6 0 7
    283712 4 6 0 7
    367257 5 6 0 7
    463156 6 6 0 7
    502864 7 6 0 7
    507610 0 7 0 7
    523437 1 7 0 7
    483728 2 7 0 7
    387830 3 7 0 7
    315812 4 7 0 7
    411711 5 7 0 7
    507610 6 7 0 7
    547318 7 7 0 7
    345426 0 0 1 7
    380037 1 0 1 7
    340328 2 0 1 7
    244430 3 0 1 7
    153628 4 0 1 7
    249527 5 0 1 7
    345426 6 0 1 7
    385134 7 0 1 7
    360518 0 1 1 7
    400227 1 1 1 7
    360518 2 1 1 7
    264620 3 1 1 7
    168720 4 1 1 7
    262581 5 1 1 7
    358480 6 1 1 7
    398188 7 1 1 7
    416520 0 2 1 7
    456229 1 2 1 7
    416520 2 2 1 7
    320622 3 2 1 7
    224722 4 2 1 7
    287921 5 2 1 7
    383820 6 2 1 7
    423528 7 2 1 7
    453840 0 3 1 7
    493549 1 3 1 7
    453840 2 3 1 7
    357942 3 3 1 7
    262042 4 3 1 7
    289003 5 3 1 7
    384902 6 3 1 7
    424610 7 3 1 7
    450296 0 4 1 7
    490005 1 4 1 7
    450296 2 4 1 7
    354398 3 4 1 7
    258498 4 4 1 7
    264875 5 4 1 7
    360774 6 4 1 7
    400482 7 4 1 7
    451380 0 5 1 7
    491089 1 5 1 7
    451380 2 5 1 7
    355482 3 5 1 7
    259582 4 5 1 7
    273093 5 5 1 7
    368992 6 5 1 7
    408700 7 5 1 7
    402986 0 6 1 7
    442695 1 6 1 7
    402986 2 6 1 7
    307088 3 6 1 7
    220520 4 6 1 7
    255363 5 6 1 7
    351262 6 6 1 7
    390970 7 6 1 7
    358058 0 7 1 7
    397767 1 7 1 7
    358058 2 7 1 7
    262160 3 7 1 7
    168456 4 7 1 7
    246671 5 7 1 7
    342570 6 7 1 7
    382278 7 7 1 7
    243388 0 0 2 7
    273035 1 0 2 7
    233326 2 0 2 7
    137428 3 0 2 7
     83784 4 0 2 7
    147489 5 0 2 7
    243388 6 0 2 7
    283096 7 0 2 7
    225188 0 1 2 7
    261971 1 1 2 7
    222262 2 1 2 7
    126364 3 1 2 7
     33390 4 1 2 7
    129289 5 1 2 7
    225188 6 1 2 7
    264896 7 1 2 7
    302872 0 2 2 7
    342581 1 2 2 7
    302872 2 2 2 7
    206974 3 2 2 7
    111074 4 2 2 7
    179237 5 2 2 7
    275136 6 2 2 7
    314844 7 2 2 7
    340192 0 3 2 7
    379901 1 3 2 7
    340192 2 3 2 7
    244294 3 3 2 7
    148394 4 3 2 7
    180319 5 3 2 7
    276218 6 3 2 7
    315926 7 3 2 7
    385652 0 4 2 7
    425361 1 4 2 7
    385652 2 4 2 7
    289754 3 4 2 7
    207024 4 4 2 7
    205195 5 4 2 7
    301094 6 4 2 7
    340802 7 4 2 7
    386736 0 5 2 7
    426445 1 5 2 7
    386736 2 5 2 7
    290838 3 5 2 7
    244344 4 5 2 7
    213413 5 5 2 7
    309312 6 5 2 7
    349020 7 5 2 7
    338342 0 6 2 7
    378051 1 6 2 7
    338342 2 6 2 7
    256244 3 6 2 7
    216536 4 6 2 7
    209483 5 6 2 7
    291582 6 6 2 7
    331290 7 6 2 7
    268806 0 7 2 7
    308515 1 7 2 7
    268806 2 7 2 7
    179572 3 7 2 7
    139864 4 7 2 7
    169047 5 7 2 7
    258282 6 7 2 7
    297990 7 7 2 7
    373775 0 0 3 7
    357012 1 0 3 7
    317303 2 0 3 7
    236775 3 0 3 7
    253539 4 0 3 7
    293246 5 0 3 7
    373775 6 0 3 7
    413483 7 0 3 7
    346373 0 1 3 7
    336746 1 1 3 7
    297037 2 1 3 7
    201139 3 1 3 7
    189899 4 1 3 7
    250474 5 1 3 7
    346373 6 1 3 7
    386081 7 1 3 7
    364101 0 2 3 7
    385136 1 2 3 7
    345427 2 2 3 7
    249529 3 2 3 7
    187043 4 2 3 7
    268202 5 2 3 7
    364101 6 2 3 7
    403809 7 2 3 7
    414967 0 3 3 7
    454676 1 3 3 7
    414967 2 3 3 7
    319069 3 3 3 7
    245043 4 3 3 7
    301504 5 3 3 7
    397403 6 3 3 7
    437111 7 3 3 7
    464913 0 4 3 7
    504622 1 4 3 7
    464913 2 4 3 7
    369015 3 4 3 7
    325653 4 4 3 7
    330866 5 4 3 7
    426765 6 4 3 7
    466473 7 4 3 7
    465997 0 5 3 7
    505706 1 5 3 7
    465997 2 5 3 7
    402681 3 5 3 7
    362973 4 5 3 7
    371666 5 5 3 7
    434983 6 5 3 7
    474691 7 5 3 7
    417603 0 6 3 7
    457312 1 6 3 7
    417603 2 6 3 7
    374873 3 6 3 7
    335165 4 6 3 7
    374522 5 6 3 7
    417253 6 6 3 7
    456961 7 6 3 7
    383953 0 7 3 7
    387776 1 7 3 7
    348067 2 7 3 7
    298201 3 7 3 7
    294379 4 7 3 7
    334086 5 7 3 7
    383953 6 7 3 7
    423661 7 7 3 7
    544476 0 0 4 7
    467053 1 0 4 7
    427344 2 0 4 7
    341854 3 0 4 7
    419278 4 0 4 7
    458985 5 0 4 7
    544476 6 0 4 7
    584184 7 0 4 7
    504040 0 1 4 7
    433753 1 1 4 7
    394044 2 1 4 7
    298146 3 1 4 7
    342604 4 1 4 7
    408141 5 1 4 7
    504040 6 1 4 7
    543748 7 1 4 7
    485796 0 2 4 7
    446171 1 2 4 7
    406462 2 2 4 7
    310564 3 2 4 7
    303776 4 2 4 7
    389897 5 2 4 7
    485796 6 2 4 7
    525504 7 2 4 7
    519098 0 3 4 7
    515711 1 3 4 7
    476002 2 3 4 7
    380104 3 3 4 7
    344212 4 3 4 7
    423199 5 3 4 7
    519098 6 3 4 7
    558806 7 3 4 7
    548460 0 4 4 7
    565657 1 4 4 7
    525948 2 4 4 7
    430050 3 4 4 7
    404238 4 4 4 7
    452561 5 4 4 7
    548460 6 4 4 7
    588168 7 4 4 7
    556678 0 5 4 7
    566741 1 5 4 7
    527032 2 5 4 7
    458754 3 5 4 7
    448692 4 5 4 7
    488399 5 5 4 7
    556678 6 5 4 7
    596386 7 5 4 7
    538948 0 6 4 7
    518347 1 6 4 7
    478638 2 6 4 7
    430946 3 6 4 7
    451548 4 6 4 7
    491255 5 6 4 7
    538948 6 6 4 7
    578656 7 6 4 7
    541620 0 7 4 7
    484783 1 7 4 7
    445074 2 7 4 7
    390246 3 7 4 7
    447084 4 7 4 7
    486791 5 7 4 7
    541620 6 7 4 7
    581328 7 7 4 7
    655488 0 0 5 7
    559589 1 0 5 7
    498988 2 0 5 7
    423982 3 0 5 7
    483878 4 0 5 7
    559589 5 0 5 7
    655488 6 0 5 7
    695196 7 0 5 7
    615052 0 1 5 7
    519153 1 1 5 7
    465688 2 1 5 7
    383546 3 1 5 7
    423254 4 1 5 7
    519153 5 1 5 7
    615052 6 1 5 7
    654760 7 1 5 7
    555026 0 2 5 7
    476033 1 2 5 7
    436324 2 2 5 7
    340426 3 2 5 7
    363228 4 2 5 7
    459127 5 2 5 7
    555026 6 2 5 7
    594734 7 2 5 7
    565508 0 3 5 7
    522753 1 3 5 7
    483044 2 3 5 7
    387146 3 3 5 7
    373710 4 3 5 7
    469609 5 3 5 7
    565508 6 3 5 7
    605216 7 3 5 7
    594870 0 4 5 7
    572699 1 4 5 7
    532990 2 4 5 7
    437092 3 4 5 7
    404236 4 4 5 7
    498971 5 4 5 7
    594870 6 4 5 7
    634578 7 4 5 7
    603088 0 5 5 7
    573783 1 5 5 7
    534074 2 5 5 7
    438176 3 5 5 7
    448690 4 5 5 7
    507189 5 5 5 7
    603088 6 5 5 7
    642796 7 5 5 7
    608178 0 6 5 7
    548209 1 6 5 7
    508500 2 6 5 7
    414396 3 6 5 7
    474366 4 6 5 7
    514073 5 6 5 7
    608178 6 6 5 7
    647886 7 6 5 7
    652632 0 7 5 7
    556733 1 7 5 7
    516718 2 7 5 7
    421126 3 7 5 7
    511684 4 7 5 7
    556733 5 7 5 7
    652632 6 7 5 7
    692340 7 7 5 7
    641834 0 0 6 7
    545935 1 0 6 7
    490296 2 0 6 7
    410328 3 0 6 7
    450036 4 0 6 7
    545935 5 0 6 7
    641834 6 0 6 7
    681542 7 0 6 7
    601398 0 1 6 7
    505499 1 1 6 7
    456996 2 1 6 7
    369892 3 1 6 7
    409600 4 1 6 7
    505499 5 1 6 7
    601398 6 1 6 7
    641106 7 1 6 7
    541372 0 2 6 7
    467341 1 2 6 7
    427632 2 2 6 7
    331734 3 2 6 7
    349574 4 2 6 7
    445473 5 2 6 7
    541372 6 2 6 7
    581080 7 2 6 7
    509494 0 3 6 7
    471701 1 3 6 7
    431992 2 3 6 7
    336094 3 3 6 7
    317696 4 3 6 7
    413595 5 3 6 7
    509494 6 3 6 7
    549202 7 3 6 7
    538856 0 4 6 7
    521647 1 4 6 7
    481938 2 4 6 7
    386040 3 4 6 7
    347058 4 4 6 7
    442957 5 4 6 7
    538856 6 4 6 7
    578564 7 4 6 7
    547074 0 5 6 7
    522731 1 5 6 7
    483022 2 5 6 7
    387124 3 5 6 7
    355276 4 5 6 7
    451175 5 5 6 7
    547074 6 5 6 7
    586782 7 5 6 7
    594524 0 6 6 7
    539517 1 6 6 7
    499808 2 6 6 7
    403910 3 6 6 7
    402726 4 6 6 7
    498625 5 6 6 7
    594524 6 6 6 7
    634232 7 6 6 7
    638978 0 7 6 7
    547735 1 7 6 7
    508026 2 7 6 7
    412128 3 7 6 7
    447180 4 7 6 7
    543079 5 7 6 7
    638978 6 7 6 7
    678686 7 7 6 7
    627139 0 0 7 7
    561722 1 0 7 7
    522013 2 0 7 7
    426115 3 0 7 7
    435341 4 0 7 7
    531240 5 0 7 7
    627139 6 0 7 7
    666847 7 0 7 7
    602551 0 1 7 7
    544270 1 1 7 7
    504561 2 1 7 7
    408663 3 1 7 7
    410753 4 1 7 7
    506652 5 1 7 7
    602551 6 1 7 7
    642259 7 1 7 7
    574745 0 2 7 7
    547126 1 2 7 7
    507417 2 2 7 7
    411519 3 2 7 7
    382947 4 2 7 7
    478846 5 2 7 7
    574745 6 2 7 7
    614453 7 2 7 7
    515365 0 3 7 7
    523984 1 3 7 7
    484275 2 3 7 7
    388377 3 3 7 7
    323567 4 3 7 7
    419466 5 3 7 7
    515365 6 3 7 7
    555073 7 3 7 7
    528879 0 4 7 7
    558082 1 4 7 7
    518373 2 4 7 7
    422475 3 4 7 7
    337081 4 4 7 7
    432980 5 4 7 7
    528879 6 4 7 7
    568587 7 4 7 7
    537097 0 5 7 7
    559166 1 5 7 7
    519457 2 5 7 7
    423559 3 5 7 7
    345299 4 5 7 7
    441198 5 5 7 7
    537097 6 5 7 7
    576805 7 5 7 7
    579829 0 6 7 7
    571234 1 6 7 7
    531525 2 6 7 7
    435627 3 6 7 7
    388031 4 6 7 7
    483930 5 6 7 7
    579829 6 6 7 7
    619537 7 6 7 7
    624283 0 7 7 7
    579452 1 7 7 7
    539743 2 7 7 7
    443845 3 7 7 7
    432485 4 7 7 7
    528384 5 7 7 7
    624283 6 7 7 7
    663991 7 7 7 7
